tree
version=v4
num_class=1
num_tree_per_iteration=1
label_index=0
max_feature_idx=35
objective=regression
feature_names=Month Hour Day_Type Daylight_Savings_Status Indoor_Temperature_(C) Average_Unmet_Cooling_Setpoint_Difference_(C) Indoor_Relative_Humidity_(%) Equipment_Electric_Power_(kWh) DHW_Heating_(kWh) Cooling_Load_(kWh) Heating_Load_(kWh) Solar_Generation_(W/kW) Occupant_Count_(people) Temperature_Set_Point_(C) HVAC_Mode_(Off/Cooling/Heating) kg_CO2/kWh Electricity_Pricing__$/kWh_ 6h_Prediction_Electricity_Pricing__$/kWh_ 12h_Prediction_Electricity_Pricing__$/kWh_ 24h_Prediction_Electricity_Pricing__$/kWh_ Outdoor_Drybulb_Temperature_(C) Outdoor_Relative_Humidity_(%) Diffuse_Solar_Radiation_(W/m2) Direct_Solar_Radiation_(W/m2) 6h_Outdoor_Drybulb_Temperature_(C) 12h_Outdoor_Drybulb_Temperature_(C) 24h_Outdoor_Drybulb_Temperature_(C) 6h_Outdoor_Relative_Humidity_(%) 12h_Outdoor_Relative_Humidity_(%) 24h_Outdoor_Relative_Humidity_(%) 6h_Diffuse_Solar_Radiation_(W/m2) 12h_Diffuse_Solar_Radiation_(W/m2) 24h_Diffuse_Solar_Radiation_(W/m2) 6h_Direct_Solar_Radiation_(W/m2) 12h_Direct_Solar_Radiation_(W/m2) 24h_Direct_Solar_Radiation_(W/m2)
feature_infos=none [1:24] [1:7] none [22.77789557214593:24.444466550450691] [-0.26199352089311739:0.092478093357026794] [53.479610279300665:68.515804715876072] [0.39715520629195489:8.3977398689543179] [0:2.8416597800977703] [0:5.7120455301242288] none [0:687.15852178569139] [0:2] [22.777777777777779:24.444444444444457] none [0.33751525247131398:0.54505021691256927] [0.028930000000000001:0.05867] [0.028930000000000001:0.05867] [0.028930000000000001:0.05867] [0.028930000000000001:0.05867] [21.379999999999999:40.32] [24.120000000000001:98.25] [0:408.69999999999999] [0:886.92999999999995] [21.385895012807637:40.448030901483051] [20.812239003382171:41.761423383460262] [20.947013524362529:40.33298102857114] [19.430299457014652:100] [18.750454935186248:100] [16.665542474905589:100] [0:448.59393372529718] [0:524.90876332100106] [0:486.88891634473225] [0:998.78608636720685] [0:1096.818864330259] [0:1148.8024499653848]
tree_sizes=1241 1188 1273 1078 1278 1215 1088 1289 1056 1196 1200 1088 1076 1208 1109 1210 1285 1080 869 865 866 993 966 1101 1005 991 858 991 991 1006 1009 1008 1006 987 819 822 718 824 719 716 747 733 1003 724 724 733 705 722 718 724 737 744 741 635 749 756 745 755 743 717 734 755 739 736 720 738 734 739 720 740 756 756 749 742 930 730 753 736 851 635

Tree=0
num_leaves=12
num_cat=0
split_feature=8 8 8 8 8 8 8 7 26 7 24
split_gain=40.085 8.00051 4.59388 0.804202 0.58497 0.0828201 0.0248232 0.0055877 0.0058319 0.00272904 0.00198903
threshold=0.48050136604718979 1.1928182761087094 0.15024465363557674 0.83422373914733605 0.35648128490141456 0.68104428443755838 0.23171299010375013 1.0278872261507777 27.851380332843657 0.9795246208830769 36.209300425415314
decision_type=2 2 2 2 2 2 2 2 2 2 2
left_child=2 3 7 5 6 -2 -4 10 -9 -6 -1
right_child=1 -3 4 -5 9 -7 -8 8 -10 -11 -12
leaf_value=0.12795875296684026 0.19113920972771417 0.30223014898941075 0.14908234375341925 0.22720595763153803 0.1725526322255502 0.2022850708765484 0.15454858867850871 0.13134699057876539 0.12863284107288506 0.17027009130544435 0.12877795217167851
leaf_weight=291 15.000000000000002 10.999999999999998 27 11.999999999999998 11.000000000000002 11.999999999999998 11.999999999999998 9.9999999999999982 38 9.9999999999999982 33
leaf_count=291 15 11 27 12 11 12 12 10 38 10 33
internal_value=0.142144 0.22691 0.132333 0.205666 0.15801 0.196093 0.150764 0.128191 0.129198 0.171466 0.128042
internal_weight=0 50 432 39 60 27 39 372 48 21 324
internal_count=482 50 432 39 60 27 39 372 48 21 324
is_linear=0
shrinkage=1


Tree=1
num_leaves=11
num_cat=0
split_feature=8 8 8 8 8 8 8 8 8 7
split_gain=32.4796 6.08717 4.16306 0.549758 0.524304 0.15538 0.0343947 0.0148545 0.0148163 4.07393e-05
threshold=0.59807718150591571 1.1928182761087094 0.17452723832009934 0.83422373914733605 0.35648128490141456 1.0000000180025095e-35 0.68104428443755838 0.23171299010375013 0.4440472350398269 1.0278872261507777
decision_type=2 2 2 2 2 2 2 2 2 2
left_child=2 3 5 6 7 9 -2 -4 -6 -1
right_child=1 -3 4 -5 8 -7 -8 -9 -10 -11
leaf_value=-0.012803787160142561 0.046555892129739117 0.14407776377417825 0.0068552843295037746 0.076555991172790536 0.024888404955466584 -0.0012502653369059168 0.054127191255489981 0.011164358879129093 0.029857688148816425 -0.012908520052830379
leaf_weight=321 12.000000000000002 10.999999999999998 24 11.999999999999998 12.000000000000002 11.999999999999998 11.999999999999998 11.999999999999998 11.999999999999998 42
leaf_count=321 12 11 24 12 12 12 12 12 12 42
internal_value=0 0.0789729 -0.0085327 0.0590797 0.0159242 -0.0124458 0.0503415 0.00829164 0.027373 -0.0128159
internal_weight=0 47 435 36 60 375 24 36 24 363
internal_count=482 47 435 36 60 375 24 36 24 363
is_linear=0
shrinkage=0.1


Tree=2
num_leaves=12
num_cat=0
split_feature=8 8 8 8 8 8 8 8 15 12 4
split_gain=26.32 5.24459 3.02058 0.532845 0.420694 0.0289 0.014471 0.0129636 0.00181091 0.00311618 0.000375763
threshold=0.48050136604718979 1.1928182761087094 0.1354355917332988 0.80460291873703582 0.29857205009569132 0.66934754264196561 0.43880439999922971 0.21358747484986237 0.51346549394565888 1.0000000180025095e-35 23.333339817790485
decision_type=2 2 2 2 2 2 2 2 2 2 2
left_child=2 3 8 5 7 -2 -6 -4 10 -10 -1
right_child=1 -3 4 -5 6 -7 -8 -9 9 -11 -12
leaf_value=-0.010920494930310684 0.038776114086310064 0.12966998598792337 0.0031418821037126087 0.066272224585215256 0.020248479271928466 0.045716329415639245 0.025159528975685436 0.0070921132685961554 -0.011520957996447881 -0.0099540585397996702 -0.011515375229170899
leaf_weight=10.999999999999998 12.000000000000002 10.999999999999998 11.999999999999998 14.999999999999998 12.000000000000002 11.999999999999998 11.999999999999998 27 30 22 306
leaf_count=11 12 11 12 15 12 12 12 27 30 22 306
internal_value=0 0.0686873 -0.00794991 0.051487 0.0122871 0.0422462 0.022704 0.00587666 -0.011405 -0.010858 -0.0114947
internal_weight=0 50 432 39 63 24 24 39 369 52 317
internal_count=482 50 432 39 63 24 24 39 369 52 317
is_linear=0
shrinkage=0.1


Tree=3
num_leaves=10
num_cat=0
split_feature=8 8 8 8 8 8 8 8 7
split_gain=21.3418 3.99841 2.72745 0.342588 0.178584 0.107691 0.00952477 0.00849886 3.42663e-05
threshold=0.59807718150591571 1.0967573377528901 0.17452723832009934 0.35648128490141456 0.72863563012115018 1.0000000180025095e-35 0.23171299010375013 0.4440472350398269 1.0618883980326943
decision_type=2 2 2 2 2 2 2 2 2
left_child=2 4 5 6 -2 8 -4 -5 -1
right_child=1 -3 3 7 -6 -7 -8 -9 -10
leaf_value=-0.010381451380197649 0.038302762806415563 0.10879630489008768 0.005559300072491169 0.020251941060026483 0.053076692024866749 -0.00076356538629624999 0.0090098021241525814 0.024015552550554278 -0.010480667516971246
leaf_weight=324 18 13.999999999999998 24 12.000000000000002 14.999999999999998 11.999999999999998 11.999999999999998 11.999999999999998 39
leaf_count=324 18 14 24 12 15 12 12 12 39
internal_value=0 0.0640159 -0.00691666 0.0128792 0.0450182 -0.010084 0.00670947 0.0221337 -0.0103921
internal_weight=0 47 435 60 33 375 36 24 363
internal_count=482 47 435 60 33 375 36 24 363
is_linear=0
shrinkage=0.1


Tree=4
num_leaves=12
num_cat=0
split_feature=8 8 8 8 8 8 8 8 4 2 30
split_gain=17.2869 3.33768 2.21219 0.330308 0.289806 0.0152808 0.0152473 0.00810804 0.000800664 0.00310343 0.000561403
threshold=0.59807718150591571 1.1928182761087094 0.1354355917332988 0.29857205009569132 0.83422373914733605 0.43880439999922971 0.68104428443755838 0.21358747484986237 23.887824497271527 6.5000000000000009 303.04656775442851
decision_type=2 2 2 2 2 2 2 2 2 2 2
left_child=2 4 8 7 6 -5 -2 -4 9 -1 -10
right_child=1 -3 3 5 -6 -7 -8 -9 10 -11 -12
leaf_value=-0.00936098422469764 0.034018911172946288 0.10582335645502264 0.0025879071501549336 0.016479491069912904 0.055572508275508886 0.02126710335413615 0.03905996754765511 0.0057119550528349702 -0.0093246552288051582 -0.0073883101344108587 -0.0087646683678030968
leaf_weight=29 12.000000000000002 10.999999999999998 11.999999999999998 12.000000000000002 11.999999999999998 14.999999999999998 11.999999999999998 27 310 10.999999999999998 19
leaf_count=29 12 11 12 12 12 15 12 27 310 11 19
internal_value=0 0.0576143 -0.006225 0.0106369 0.0428838 0.0191393 0.0365394 0.00475071 -0.00924095 -0.0088185 -0.00929232
internal_weight=0 47 435 66 36 27 24 39 369 40 329
internal_count=482 47 435 66 36 27 24 39 369 40 329
is_linear=0
shrinkage=0.1


Tree=5
num_leaves=11
num_cat=0
split_feature=8 8 8 8 8 8 8 8 25 4
split_gain=14.0102 2.87197 1.60528 0.276493 0.239306 0.0254081 0.0123546 0.00684596 0.000241431 0.000189655
threshold=0.48050136604718979 1.1928182761087094 0.084872066146235159 0.83422373914733605 0.29857205009569132 0.66934754264196561 0.21274530803542538 0.43880439999922971 22.463088137621092 23.333339817790485
decision_type=2 2 2 2 2 2 2 2 2 2
left_child=2 3 8 5 6 -2 -4 -6 -1 -10
right_child=1 -3 4 -5 7 -7 -8 -9 9 -11
leaf_value=-0.0079041866585612304 0.028342310835917785 0.095241018858822912 0.0012911436414772956 0.050015257298946382 0.014831541851162906 0.034515817364056907 0.0050876788546641676 0.018209400524695715 -0.0079936334863305088 -0.0084154288319573892
leaf_weight=9.9999999999999982 12.000000000000002 10.999999999999998 11.999999999999998 11.999999999999998 12.000000000000002 14.999999999999998 30 11.999999999999998 10.999999999999998 345
leaf_count=10 12 11 12 12 12 15 30 12 11 345
internal_value=0 0.0501136 -0.00580018 0.0373853 0.00855478 0.031772 0.00400295 0.0165205 -0.00838878 -0.0084024
internal_weight=0 50 432 39 66 27 42 24 366 356
internal_count=482 50 432 39 66 27 42 24 366 356
is_linear=0
shrinkage=0.1


Tree=6
num_leaves=10
num_cat=0
split_feature=8 8 8 8 8 8 8 5 7
split_gain=11.3589 2.19166 1.44919 0.185836 0.0942184 0.061739 0.0139728 0.00102374 2.91238e-05
threshold=0.59807718150591571 1.0967573377528901 0.17452723832009934 0.40307473609983463 0.72863563012115018 1.0000000180025095e-35 0.23456904312381113 5.771474585358761e-06 1.0618883980326943
decision_type=2 2 2 2 2 2 2 2 2
left_child=2 4 5 6 -2 8 -4 -5 -1
right_child=1 -3 3 7 -6 -7 -8 -9 -10
leaf_value=-0.0075782480523174205 0.027759655316670736 0.079856164540563324 0.0040380027714288901 0.01630223149603063 0.038490725358327232 -0.00029767199885100126 0.0081391184901197754 0.017700235247612002 -0.0076697168250878653
leaf_weight=324 18 13.999999999999998 27 11.000000000000002 14.999999999999998 11.999999999999998 11.999999999999998 9.9999999999999982 39
leaf_count=324 18 14 27 11 15 12 12 10 39
internal_value=0 0.0467026 -0.00504603 0.00938371 0.0326374 -0.00735478 0.00529988 0.0169679 -0.00758808
internal_weight=0 47 435 60 33 375 39 21 363
internal_count=482 47 435 60 33 375 39 21 363
is_linear=0
shrinkage=0.1


Tree=7
num_leaves=12
num_cat=0
split_feature=8 8 8 8 8 8 8 8 7 26 24
split_gain=9.20073 1.83021 1.17458 0.162809 0.146002 0.00750785 0.00539647 0.00309403 0.00133823 0.00148744 0.000594915
threshold=0.59807718150591571 1.1928182761087094 0.15024465363557674 0.35648128490141456 0.83422373914733605 0.68104428443755838 0.22804578426616118 0.4440472350398269 1.0278872261507777 27.851380332843657 36.209300425415314
decision_type=2 2 2 2 2 2 2 2 2 2 2
left_child=2 4 8 6 5 -2 -4 -5 10 -10 -1
right_child=1 -3 3 7 -6 -7 -8 -9 9 -11 -12
leaf_value=-0.0067984933052788084 0.024852485706408814 0.077731300619515512 0.0031676973221086281 0.013430411120255784 0.040130522102117538 0.028389870375394824 0.0055855847646792732 0.015701250731945039 -0.0051019325980450961 -0.0064726541247709024 -0.0063504740624039466
leaf_weight=291 12.000000000000002 10.999999999999998 24 12.000000000000002 11.999999999999998 11.999999999999998 14.999999999999998 11.999999999999998 9.9999999999999982 38 33
leaf_count=291 12 11 24 12 12 12 15 12 10 38 33
internal_value=0 0.0420323 -0.00454142 0.00808553 0.0311243 0.0266212 0.00409765 0.0145658 -0.00667986 -0.00618709 -0.00675286
internal_weight=0 47 435 63 36 24 39 24 372 48 324
internal_count=482 47 435 63 36 24 39 24 372 48 324
is_linear=0
shrinkage=0.1


Tree=8
num_leaves=10
num_cat=0
split_feature=1 9 24 4 9 20 9 25 4
split_gain=0.84114 1.29035 0.74488 0.658272 0.167285 0.203589 0.0938516 0.11295 0.0238873
threshold=19.500000000000004 3.1660230441214887 24.920558140542923 24.444454457450465 1.403699551687952 32.695000000000007 2.3232274765351053 32.089294986606411 24.444450497448081
decision_type=2 2 2 2 2 2 2 2 2
left_child=3 6 -3 4 8 -6 7 -2 -1
right_child=1 2 -4 -5 5 -7 -8 -9 -10
leaf_value=-0.0052580695504606785 -0.0038839415236211873 0.045996101045360158 0.010761651753758391 0.020913188687215249 0.0045643762846548971 -0.0028391665249364452 0.0080893277397586245 0.0050761264438430468 -0.00045543525537306614
leaf_weight=177 34 12.000000000000002 11.999999999999998 11.999999999999998 52 130 18 24 10.999999999999998
leaf_count=177 34 12 12 12 52 130 18 24 11
internal_value=0 0.00816474 0.0283789 -0.00213737 -0.00288495 -0.000723869 0.00178133 -0.000176327 -0.00497706
internal_weight=0 100 24 382 370 182 76 58 188
internal_count=482 100 24 382 370 182 76 58 188
is_linear=0
shrinkage=0.1


Tree=9
num_leaves=11
num_cat=0
split_feature=8 8 8 8 8 7 8 4 31 1
split_gain=6.97672 1.34209 0.895811 0.142479 0.0970632 0.00559529 0.00424335 0.00336393 0.0020957 0.00163806
threshold=0.59807718150591571 1.1928182761087094 0.084872066146235159 0.29857205009569132 0.80460291873703582 0.9795246208830769 0.21274530803542538 24.444453788344287 85.035000246304563 19.500000000000004
decision_type=2 2 2 2 2 2 2 2 2 2
left_child=2 4 7 6 8 -5 -4 9 -2 -1
right_child=1 -3 3 5 -6 -7 -8 -9 -10 -11
leaf_value=-0.0057826503044725846 0.023919835388660424 0.06717146621509032 0.0012642041624834142 0.013551600703171318 0.033404405216375992 0.010670507412690385 0.0034891920071095229 -0.0076472720300609425 0.02191961705684662 -0.0063901636659955754
leaf_weight=303 10.000000000000002 10.999999999999998 11.999999999999998 14.000000000000002 14.999999999999998 12.999999999999998 30 10.999999999999998 10.999999999999998 52
leaf_count=303 10 11 12 14 15 13 30 11 11 52
internal_value=0 0.0366014 -0.00395464 0.00649689 0.0272606 0.0121644 0.00285348 -0.005925 0.0228721 -0.00587164
internal_weight=0 47 435 69 36 27 42 366 21 355
internal_count=482 47 435 69 36 27 42 366 21 355
is_linear=0
shrinkage=0.1


Tree=10
num_leaves=11
num_cat=0
split_feature=8 8 8 8 8 8 7 8 4 9
split_gain=5.65114 1.08709 0.725607 0.115408 0.080571 0.00517478 0.00453218 0.00343711 0.00272478 0.00146832
threshold=0.59807718150591571 1.1928182761087094 0.084872066146235159 0.29857205009569132 0.83422373914733605 0.68104428443755838 0.9795246208830769 0.21274530803542538 24.444453788344287 1.3563746761820399
decision_type=2 2 2 2 2 2 2 2 2 2
left_child=2 4 8 7 5 -2 -5 -4 9 -1
right_child=1 -3 3 6 -6 -7 -8 -9 -10 -11
leaf_value=-0.0050895189453621171 0.019720911979675289 0.060454319891604519 0.0011377837431306641 0.012196440515773635 0.031224920973181726 0.022657684609293939 0.0096034566370340503 0.0031402727837363878 -0.0068825448439879854 -0.005496631816906088
leaf_weight=185 12.000000000000002 10.999999999999998 11.999999999999998 14.000000000000002 11.999999999999998 11.999999999999998 12.999999999999998 30 10.999999999999998 170
leaf_count=185 12 11 12 14 12 12 13 30 11 170
internal_value=0 0.0329413 -0.00355917 0.0058472 0.0245345 0.0211893 0.010948 0.00256813 -0.0053325 -0.00528447
internal_weight=0 47 435 69 36 24 27 42 366 355
internal_count=482 47 435 69 36 24 27 42 366 355
is_linear=0
shrinkage=0.1


Tree=11
num_leaves=10
num_cat=0
split_feature=8 8 8 8 8 8 4 1 34
split_gain=4.57743 0.887638 0.587742 0.0957962 0.0327843 0.00641655 0.00220707 0.00126046 0.000811251
threshold=0.59807718150591571 1.0967573377528901 0.084872066146235159 0.40307473609983463 0.72863563012115018 0.23456904312381113 24.444453788344287 19.500000000000004 386.0900217865763
decision_type=2 2 2 2 2 2 2 2 2
left_child=2 4 6 5 -2 -4 7 -1 -5
right_child=1 -3 3 8 -6 -7 -8 -9 -10
leaf_value=-0.0046779664817324573 0.017818747046920987 0.050746149130697762 0.0021303945955070151 0.011488362740386613 0.024148814777533216 0.0048005070226887865 -0.0061942903494293039 -0.005210879032249348 0.010243874192237854
leaf_weight=303 18 13.999999999999998 36 11.000000000000002 14.999999999999998 11.999999999999998 10.999999999999998 52 9.9999999999999982
leaf_count=303 18 14 36 11 15 12 11 52 10
internal_value=0 0.0296471 -0.00320325 0.00526248 0.0206961 0.00279792 -0.00479925 -0.00475603 0.0108957
internal_weight=0 47 435 69 33 48 366 355 21
internal_count=482 47 435 69 33 48 366 355 21
is_linear=0
shrinkage=0.1


Tree=12
num_leaves=10
num_cat=0
split_feature=8 8 8 8 8 8 4 9 20
split_gain=3.70772 0.736877 0.476071 0.0775949 0.0499297 0.00519741 0.00178773 0.00113111 0.000716311
threshold=0.59807718150591571 1.1928182761087094 0.084872066146235159 0.40307473609983463 0.72863563012115018 0.23456904312381113 24.444453788344287 1.3563746761820399 29.150000000000002
decision_type=2 2 2 2 2 2 2 2 2
left_child=2 4 6 5 -2 -4 7 -1 -5
right_child=1 -3 3 8 -6 -7 -8 -9 -10
leaf_value=-0.0041093135705670795 0.016036872648530539 0.049334272810003979 0.001917355158689639 0.0091936300694942432 0.023485192739301261 0.0043204562563914804 -0.0055748612704602163 -0.0044666329267270431 0.010363032601096413
leaf_weight=185 18 10.999999999999998 36 10.000000000000002 18 11.999999999999998 10.999999999999998 170 10.999999999999998
leaf_count=185 18 11 36 10 18 12 11 170 11
internal_value=0 0.0266824 -0.00288293 0.00473623 0.019761 0.00251813 -0.00431933 -0.00428042 0.00980617
internal_weight=0 47 435 69 36 48 366 355 21
internal_count=482 47 435 69 36 48 366 355 21
is_linear=0
shrinkage=0.1


Tree=13
num_leaves=11
num_cat=0
split_feature=8 9 8 8 29 8 28 33 9 25
split_gain=3.00325 0.633237 0.387347 0.0506658 0.0424178 0.0191854 0.0180766 0.00280517 0.00158342 0.000600026
threshold=0.59807718150591571 3.5483070080656502 0.17452723832009934 0.40307473609983463 68.882961897947794 1.0000000180025095e-35 73.802959529653535 83.563398625091665 1.021480156509968 27.774557042031798
decision_type=2 2 2 2 2 2 2 2 2 2
left_child=2 4 5 7 6 8 -2 -4 -1 -5
right_child=1 -3 3 9 -6 -7 -8 -9 -10 -11
leaf_value=-0.0036777181383699947 0.012820292413234707 0.043837567760298651 0.0020626387030157883 0.0093352148478681365 0.022722000777721407 0.00014572580694220962 0.018309155106544496 0.0038058921943108243 -0.004099612809033786 0.008264932706952095
leaf_weight=156 15.000000000000002 11.999999999999998 24 11.000000000000002 9.9999999999999982 11.999999999999998 9.9999999999999982 14.999999999999998 207 9.9999999999999982
leaf_count=156 15 12 24 11 10 12 10 15 207 10
internal_value=0 0.0240142 -0.00259464 0.00486547 0.0172176 -0.00378825 0.0150158 0.00273312 -0.0039183 0.00882556
internal_weight=0 47 435 60 35 375 25 39 363 21
internal_count=482 47 435 60 35 375 25 39 363 21
is_linear=0
shrinkage=0.1


Tree=14
num_leaves=10
num_cat=0
split_feature=8 8 8 8 8 8 7 4 9
split_gain=2.43263 0.548402 0.313751 0.0413798 0.0155401 0.00443149 0.00163062 0.00132544 0.00128358
threshold=0.59807718150591571 0.95909309360959272 0.17452723832009934 0.29857205009569132 1.0000000180025095e-35 0.72863563012115018 0.9795246208830769 24.444453788344287 2.8563486184502174
decision_type=2 2 2 2 2 2 2 2 2
left_child=2 5 4 8 7 -2 -5 -1 -4
right_child=1 -3 3 6 -6 -7 -8 -9 -10
leaf_value=-0.0034926929542879489 0.012489022852645977 0.035962273914586097 0.002506307945586741 0.0080310999282768771 0.00013115321732281397 0.014969918318092823 0.0064757711755541658 -0.0046074139292944568 0.0012299217086715194
leaf_weight=352 18.000000000000004 17 20 14.000000000000002 11.999999999999998 11.999999999999998 12.999999999999998 10.999999999999998 12.999999999999998
leaf_count=352 18 17 20 14 12 12 13 11 13
internal_value=0 0.0216128 -0.00233517 0.00437893 -0.00340943 0.0134814 0.00728224 -0.00352647 0.00200349
internal_weight=0 47 435 60 375 30 27 363 33
internal_count=482 47 435 60 375 30 27 363 33
is_linear=0
shrinkage=0.1


Tree=15
num_leaves=11
num_cat=0
split_feature=8 9 8 8 20 28 8 33 9 20
split_gain=1.97043 0.464184 0.254138 0.0341397 0.0278262 0.0200785 0.0125875 0.00191634 0.00126944 0.000541376
threshold=0.59807718150591571 3.5483070080656502 0.17452723832009934 0.40307473609983463 26.795000000000005 71.52203332307927 1.0000000180025095e-35 83.563398625091665 1.1485571928235128 29.150000000000002
decision_type=2 2 2 2 2 2 2 2 2 2
left_child=2 4 6 7 -2 -6 8 -4 -1 -5
right_child=1 -3 3 9 5 -7 -8 -9 -10 -11
leaf_value=-0.0029723528063013444 0.017300462952026956 0.036423741436252995 0.0016364844923373312 0.0066592152789235097 0.0087071555666625479 0.01477433003485203 0.00011803791664230328 0.0030773290246725086 -0.0033474013906640886 0.0076758447018536657
leaf_weight=168 12.999999999999998 11.999999999999998 24 10.000000000000002 12.000000000000002 9.9999999999999982 11.999999999999998 14.999999999999998 195 10.999999999999998
leaf_count=168 13 12 24 10 12 10 12 15 195 11
internal_value=0 0.0194515 -0.00210166 0.00394103 0.0136324 0.011465 -0.00306849 0.00219066 -0.00317383 0.00719174
internal_weight=0 47 435 60 35 22 375 39 363 21
internal_count=482 47 435 60 35 22 375 39 363 21
is_linear=0
shrinkage=0.1


Tree=16
num_leaves=12
num_cat=0
split_feature=8 8 8 8 8 9 5 5 4 4 7
split_gain=1.59712 0.439722 0.183929 0.0298113 0.0298095 0.00138994 0.00114413 0.00106072 0.000882367 0.000791621 0.000507829
threshold=0.48050136604718979 1.1928182761087094 0.084872066146235159 0.29857205009569132 0.72863563012115018 2.5561071371424657 9.8097526617380043e-06 5.1982361704006061e-06 24.393754643395091 23.888894441764659 1.193579276272976
decision_type=2 2 2 2 2 2 2 2 2 2 2
left_child=2 4 6 5 7 -4 10 -2 -8 -5 -1
right_child=1 -3 3 9 -6 -7 8 -9 -10 -11 -12
leaf_value=-0.0027114971032249314 0.010057636418125843 0.034577991508624777 0.0017685346333310009 0.0050326714664697637 0.014925801878174147 0.00059653129565584309 -0.0030383848175406457 0.0086346080899238602 -0.0040383927710354334 0.0061976028340203423 -0.0034371473081409934
leaf_weight=271 11.000000000000002 10.999999999999998 25 10.000000000000002 18 17 75 9.9999999999999982 9.9999999999999982 13.999999999999998 9.9999999999999982
leaf_count=271 11 11 25 10 18 17 75 10 10 14 10
internal_value=0 0.01692 -0.00195834 0.00290072 0.0119396 0.00129415 -0.00283456 0.00938 -0.00315603 0.00571221 -0.00273732
internal_weight=0 50 432 66 39 42 366 21 85 24 281
internal_count=482 50 432 66 39 42 366 21 85 24 281
is_linear=0
shrinkage=0.1


Tree=17
num_leaves=10
num_cat=0
split_feature=8 2 8 24 8 8 1 1 25
split_gain=1.29374 0.391055 0.167543 0.0511546 0.0226518 0.00821642 0.00135215 0.00105554 0.000483321
threshold=0.59807718150591571 2.5000000000000004 0.17452723832009934 25.300547186735894 0.40307473609983463 1.0000000180025095e-35 17.500000000000004 19.500000000000004 27.774557042031798
decision_type=2 2 2 2 2 2 2 2 2
left_child=2 -2 5 -3 6 7 -4 -1 -6
right_child=1 3 4 -5 8 -7 -8 -9 -10
leaf_value=-0.0025041412030800416 0.029765792656689882 0.013199871896128907 0.0023227504587599208 0.005233539474595871 0.0063086876476352851 8.6495306701787439e-05 0.0011416165002932153 -0.0029948557526165366 0.0053481126576662066
leaf_weight=312 13.999999999999998 19 21 13.999999999999998 11.000000000000002 11.999999999999998 18 51 9.9999999999999982
leaf_count=312 14 19 21 14 11 12 18 51 10
internal_value=0 0.0157615 -0.00170296 0.00982022 0.00320339 -0.00248798 0.00177761 -0.00257308 0.00585127
internal_weight=0 47 435 33 60 375 39 363 21
internal_count=482 47 435 33 60 375 39 363 21
is_linear=0
shrinkage=0.1


Tree=18
num_leaves=8
num_cat=0
split_feature=8 8 8 8 8 32 9
split_gain=1.11687 0.355638 0.0383338 0.0186261 0.00586578 0.00111709 0.000892223
threshold=0.95909309360959272 0.24793777650192775 1.0000000180025095e-35 0.69155966953555559 0.44950191642973786 223.77623247858 1.3230607897176176
decision_type=2 2 2 2 2 2 2
left_child=1 2 6 4 -3 -4 -1
right_child=-2 3 5 -5 -6 -7 -8
leaf_value=-0.0021628387582798797 0.025175545085221532 0.0040268642118289361 0.0011636223875939322 0.0093163773417472839 0.0063153792308488239 -4.7237122198566799e-05 -0.0024764899043418932
leaf_weight=186 17 21 32 14.999999999999998 24 9.9999999999999982 177
leaf_count=186 17 21 32 15 24 10 177
internal_value=0 -0.000920396 -0.00198485 0.00626465 0.00524741 0.000875323 -0.00231578
internal_weight=0 465 405 60 45 42 363
internal_count=482 465 405 60 45 42 363
is_linear=0
shrinkage=0.1


Tree=19
num_leaves=8
num_cat=0
split_feature=8 8 8 8 8 9 4
split_gain=0.904661 0.28872 0.0346518 0.0132009 0.00329349 0.00129894 0.000849415
threshold=0.95909309360959272 0.29857205009569132 1.0000000180025095e-35 0.69155966953555559 0.46104050623931925 2.5561071371424657 24.444453788344287
decision_type=2 2 2 2 2 2 2
left_child=1 2 6 4 -3 -4 -1
right_child=-2 3 5 -5 -6 -7 -8
leaf_value=-0.002057156926126812 0.022657991332166338 0.0040432504511305261 0.0013170223553270962 0.0083847396820783612 0.0058143108944585997 0.0002292497244381689 -0.0029495284807952971
leaf_weight=352 17 21 26 14.999999999999998 21 19 10.999999999999998
leaf_count=352 17 21 26 15 21 19 11
internal_value=0 -0.000828357 -0.00175972 0.00583824 0.00492878 0.000857741 -0.0020842
internal_weight=0 465 408 57 42 45 363
internal_count=482 465 408 57 42 45 363
is_linear=0
shrinkage=0.1


Tree=20
num_leaves=8
num_cat=0
split_feature=8 8 8 8 8 8 1
split_gain=0.732775 0.233863 0.028068 0.0106927 0.00266773 0.00123723 0.000828232
threshold=0.95909309360959272 0.29857205009569132 1.0000000180025095e-35 0.69155966953555559 0.46104050623931925 0.21274530803542538 19.500000000000004
decision_type=2 2 2 2 2 2 2
left_child=1 2 6 4 -3 -4 -1
right_child=-2 3 5 -5 -6 -7 -8
leaf_value=-0.0018147082662042708 0.020392192198949704 0.0036389254144437258 3.042741989096006e-05 0.0075462657709916437 0.0052328798210337056 0.0011427360685775055 -0.002249385516944469
leaf_weight=312 17 21 14.999999999999998 14.999999999999998 21 30 51
leaf_count=312 17 21 15 15 21 30 51
internal_value=0 -0.000745521 -0.00158375 0.00525442 0.0044359 0.000771967 -0.00187578
internal_weight=0 465 408 57 42 45 363
internal_count=482 465 408 57 42 45 363
is_linear=0
shrinkage=0.1


Tree=21
num_leaves=9
num_cat=0
split_feature=8 8 8 8 26 8 8 5
split_gain=0.593548 0.189504 0.0201982 0.00995002 0.00385712 0.00158901 0.000842168 0.000712182
threshold=0.95909309360959272 0.24793777650192775 1.0000000180025095e-35 0.64492759865560112 29.220449234062169 0.43464748747546794 0.21274530803542538 1.0179416442213098e-05
decision_type=2 2 2 2 2 2 2 2
left_child=1 2 7 5 -5 -3 -4 -1
right_child=-2 3 6 4 -6 -7 -8 -9
leaf_value=-0.0016125356372498852 0.018352973088622094 0.0024911037122365091 2.7384674952675897e-05 0.0071493190047996376 0.0047572278346006691 0.0039336198852175756 0.00096192182046016337 -0.0019474923781051144
leaf_weight=281 17 11.999999999999998 14.999999999999998 14.000000000000002 12.999999999999998 21 27 82
leaf_count=281 17 12 15 14 13 21 27 82
internal_value=0 -0.000670969 -0.00144799 0.00457389 0.00599757 0.00340907 0.000628159 -0.0016882
internal_weight=0 465 405 60 27 33 42 363
internal_count=482 465 405 60 27 33 42 363
is_linear=0
shrinkage=0.1


Tree=22
num_leaves=9
num_cat=0
split_feature=8 8 8 8 6 8 9 1
split_gain=0.48137 0.195473 0.0183167 0.0159051 0.00191223 0.00174961 0.00103254 0.000674859
threshold=1.1928182761087094 0.29857205009569132 1.0000000180025095e-35 0.69155966953555559 59.974434369610414 0.44950191642973786 2.4333874833541462 19.500000000000004
decision_type=2 2 2 2 2 2 2 2
left_child=1 2 7 5 -5 -3 -4 -1
right_child=-2 3 6 4 -6 -7 -8 -9
leaf_value=-0.0014642541465433078 0.020679023895751349 0.0028325794933253849 0.0010479772281832994 0.0059476117603480799 0.0078582701019265441 0.0041368072231610618 8.3980822819285097e-05 -0.0018566256169887151
leaf_weight=312 10.999999999999998 18 25 10.000000000000002 10.999999999999998 24 20 51
leaf_count=312 11 18 25 10 11 24 20 51
internal_value=0 -0.00048295 -0.00128347 0.00470138 0.00694843 0.00357785 0.000619534 -0.00151938
internal_weight=0 471 408 63 21 42 45 363
internal_count=482 471 408 63 21 42 45 363
is_linear=0
shrinkage=0.1


Tree=23
num_leaves=10
num_cat=0
split_feature=9 20 1 5 6 15 1 9 2
split_gain=0.0618763 0.56214 0.0116019 0.0116554 0.0084491 0.00753988 0.00659387 0.00360758 0.00219998
threshold=3.5483070080656502 31.185000000000006 19.500000000000004 -0.0024495800829082495 55.134194082884356 0.49351992877510903 23.500000000000004 1.3563746761820399 5.5000000000000009
decision_type=2 2 2 2 2 2 2 2 2
left_child=2 -2 4 -4 -1 8 -5 -6 -3
right_child=1 5 3 6 7 -7 -8 -9 -10
leaf_value=-0.0030702916129181786 0.024705219101160764 -0.00094055168266440274 0.0031886634732862674 0.00043661566335700513 -0.00092567673791714477 -0.0033596022939309483 -0.0022168865258043462 -0.00022880494470305237 0.00036907772452610989
leaf_weight=14.999999999999998 9.9999999999999982 29 13.999999999999998 63 181 9.9999999999999982 10.999999999999998 126 23
leaf_count=15 10 29 14 63 181 10 11 126 23
internal_value=0 0.00270374 -0.000474802 0.000542754 -0.000752892 -0.000844891 4.21761e-05 -0.000639664 -0.000361293
internal_weight=0 72 410 88 322 62 74 307 52
internal_count=482 72 410 88 322 62 74 307 52
is_linear=0
shrinkage=0.1


Tree=24
num_leaves=9
num_cat=0
split_feature=8 8 8 8 26 1 20 5
split_gain=0.345943 0.150361 0.0150698 0.0100083 0.00289463 0.00133678 0.00122328 0.00118112
threshold=1.1928182761087094 0.35648128490141456 1.0000000180025095e-35 0.69155966953555559 28.264021039933684 19.500000000000004 31.555000000000003 7.5369873986375077e-06
decision_type=2 2 2 2 2 2 2 2
left_child=1 2 5 6 -5 -1 -3 -4
right_child=-2 3 7 4 -6 -7 -8 -9
leaf_value=-0.001234693034842703 0.017530451511794869 0.0036925319685704181 0.00090754490776100399 0.0071463637053966501 0.0047955938056111341 -0.0017869239873891951 0.0024790802116816243 -0.00016265738026656135
leaf_weight=312 10.999999999999998 27 33 11.000000000000002 9.9999999999999982 51 11.999999999999998 14.999999999999998
leaf_count=312 11 27 33 11 10 51 12 15
internal_value=0 -0.000409416 -0.00109209 0.00426689 0.00602695 -0.00131228 0.00331916 0.000573107
internal_weight=0 471 411 60 21 363 39 48
internal_count=482 471 411 60 21 363 39 48
is_linear=0
shrinkage=0.1


Tree=25
num_leaves=9
num_cat=0
split_feature=8 8 8 8 6 8 13 5
split_gain=0.280214 0.122012 0.0106775 0.00906936 0.00240724 0.00129711 0.00108422 0.000776008
threshold=1.1928182761087094 0.29857205009569132 1.0000000180025095e-35 0.69155966953555559 59.974434369610414 0.46104050623931925 23.333333333333329 7.5369873986375077e-06
decision_type=2 2 2 2 2 2 2 2
left_child=1 2 6 5 -5 -3 -1 -4
right_child=-2 3 7 4 -6 -7 -8 -9
leaf_value=-0.0018967621400952338 0.015777405986393041 0.0023233117291792519 0.00071670554616503073 0.004301341101527213 0.0064450850879604173 0.0034347702349935266 -0.0011393188845784383 -0.00019949963305127593
leaf_weight=20 10.999999999999998 21 32 10.000000000000002 10.999999999999998 21 343 12.999999999999998
leaf_count=20 11 21 32 10 11 21 343 13
internal_value=0 -0.000368474 -0.00100093 0.00372745 0.00542425 0.00287904 -0.00118105 0.000452024
internal_weight=0 471 408 63 21 42 363 45
internal_count=482 471 408 63 21 42 363 45
is_linear=0
shrinkage=0.1


Tree=26
num_leaves=8
num_cat=0
split_feature=8 8 8 8 34 1 9
split_gain=0.228686 0.0780861 0.00864881 0.00336799 0.00108731 0.00105147 0.000993678
threshold=0.95909309360959272 0.29857205009569132 1.0000000180025095e-35 0.69155966953555559 279.81119387332257 19.500000000000004 2.4333874833541462
decision_type=2 2 2 2 2 2 2
left_child=1 2 5 4 -3 -1 -4
right_child=-2 3 6 -5 -6 -7 -8
leaf_value=-0.00099413582513359594 0.011391952842035716 0.0021286875758644032 0.00082712382264435295 0.0043367687550683815 0.0031509438774695525 -0.001483903429927487 -0.00011855609671329148
leaf_weight=312 17 23 25 14.999999999999998 19 51 20
leaf_count=312 17 23 25 15 19 51 20
internal_value=0 -0.00041648 -0.000900839 0.00305051 0.00259114 -0.00106295 0.000406822
internal_weight=0 465 408 57 42 363 45
internal_count=482 465 408 57 42 363 45
is_linear=0
shrinkage=0.1


Tree=27
num_leaves=9
num_cat=0
split_feature=8 8 8 8 26 9 27 29
split_gain=0.192016 0.0785154 0.00882808 0.00382099 0.00218703 0.00104099 0.000915484 0.00080424
threshold=1.1928182761087094 0.40307473609983463 0.17452723832009934 0.69155966953555559 28.264021039933684 1.2501317233517986 68.797541535780951 54.118520158163342
decision_type=2 2 2 2 2 2 2 2
left_child=1 2 5 7 -5 -1 -4 -3
right_child=-2 3 6 4 -6 -7 -8 -9
leaf_value=-0.00076052454668122931 0.013060470331798902 0.0021497885541369517 0.0011711334046493802 0.0052195937118747005 0.0031762556266039612 -0.0010939493535636186 0.00019925559588175801 0.0031085020365814366
leaf_weight=181 10.999999999999998 21 18 11.000000000000002 9.9999999999999982 194 21 14.999999999999998
leaf_count=181 11 21 18 11 10 194 21 15
internal_value=0 -0.000305022 -0.000784097 0.00317458 0.00424658 -0.000933016 0.000647815 0.00254925
internal_weight=0 471 414 57 21 375 39 36
internal_count=482 471 414 57 21 375 39 36
is_linear=0
shrinkage=0.1


Tree=28
num_leaves=9
num_cat=0
split_feature=8 8 8 8 6 27 13 29
split_gain=0.155533 0.0635975 0.00734858 0.003095 0.00181471 0.000852504 0.00081152 0.000651434
threshold=1.1928182761087094 0.40307473609983463 1.0000000180025095e-35 0.69155966953555559 59.974434369610414 76.745756498934952 23.333333333333329 54.118520158163342
decision_type=2 2 2 2 2 2 2 2
left_child=1 2 6 7 -5 -4 -1 -3
right_child=-2 3 5 4 -6 -7 -8 -9
leaf_value=-0.001482802622485906 0.011754423515363174 0.001934809714467043 0.00080378817273648803 0.0028469488536939018 0.0047082536430521453 -1.5328573014509553e-05 -0.00082750162052034086 0.0027976518496870997
leaf_weight=20 10.999999999999998 21 27 10.000000000000002 10.999999999999998 24 343 14.999999999999998
leaf_count=20 11 21 27 10 11 24 343 15
internal_value=0 -0.000274519 -0.000705688 0.00285712 0.00382192 0.000418321 -0.000863606 0.00229433
internal_weight=0 471 414 57 21 51 363 36
internal_count=482 471 414 57 21 51 363 36
is_linear=0
shrinkage=0.1


Tree=29
num_leaves=9
num_cat=0
split_feature=8 8 8 8 26 24 28 20
split_gain=0.125981 0.051514 0.00599287 0.00250695 0.00162159 0.000884961 0.000731334 0.000609993
threshold=1.1928182761087094 0.40307473609983463 0.17452723832009934 0.69155966953555559 28.264021039933684 25.8051888861565 56.012253373021714 31.645000000000003
decision_type=2 2 2 2 2 2 2 2
left_child=1 2 5 7 -5 -1 -4 -3
right_child=-2 3 6 4 -6 -7 -8 -9
leaf_value=-0.0010143135898897067 0.010578980093652553 0.0023201790566627798 -3.4010489304949133e-05 0.0042775718156586977 0.0025180960912257432 -0.00066581141023113789 0.00086871593818068499 0.0014011547621339559
leaf_weight=99 10.999999999999998 26 13.999999999999998 11.000000000000002 9.9999999999999982 276 25 9.9999999999999982
leaf_count=99 11 26 14 11 10 276 25 10
internal_value=0 -0.000247067 -0.000635119 0.00257141 0.00343973 -0.000757816 0.00054466 0.00206489
internal_weight=0 471 414 57 21 375 39 36
internal_count=482 471 414 57 21 375 39 36
is_linear=0
shrinkage=0.1


Tree=30
num_leaves=9
num_cat=0
split_feature=4 8 27 8 26 8 20 1
split_gain=0.108523 0.0291434 0.0470989 0.0765567 0.0751387 0.00140568 0.000877135 0.000822264
threshold=24.444454457450465 0.22149107927770548 92.872554091951514 0.83422373914733605 27.782437278216218 1.0000000180025095e-35 28.210000000000004 19.500000000000004
decision_type=2 2 2 2 2 2 2 2
left_child=1 5 3 -3 -4 7 -7 -1
right_child=-2 2 4 -5 -6 6 -8 -9
leaf_value=-0.0006082755686963394 0.0093906711631764964 0.0016038273489747163 -0.00017012575937604357 -0.0075212925503199751 0.01180679813027382 0.00082101471431087673 -0.00035928037986570206 -0.0010421838225595946
leaf_weight=304 11.999999999999998 56 11.000000000000002 10.999999999999998 9.9999999999999982 10.000000000000002 17 51
leaf_count=304 12 56 11 11 10 10 17 51
internal_value=0 -0.000239762 0.00140087 0.000105673 0.00553317 -0.000617709 7.7866e-05 -0.000670612
internal_weight=0 470 88 67 21 382 27 355
internal_count=482 470 88 67 21 382 27 355
is_linear=0
shrinkage=0.1


Tree=31
num_leaves=9
num_cat=0
split_feature=8 8 8 4 8 6 27 29
split_gain=0.0947425 0.036927 0.00380669 0.00237027 0.00227626 0.00166718 0.000686266 0.000678797
threshold=1.1928182761087094 0.40307473609983463 1.0000000180025095e-35 24.444453788344287 0.69155966953555559 59.974434369610414 76.745756498934952 45.191428331874057
decision_type=2 2 2 2 2 2 2 2
left_child=1 2 3 -1 7 -6 -4 -3
right_child=-2 4 6 -5 5 -7 -8 -9
leaf_value=-0.00061129232670861138 0.009174088524146513 0.0010347667002034459 0.0006120303525003019 -0.0021019723335154016 0.0020649418607354155 0.0038489817303012717 -0.0001228960523197505 0.0019774261685088276
leaf_weight=352 10.999999999999998 10.999999999999998 27 10.999999999999998 10.000000000000002 10.999999999999998 24 25
leaf_count=352 11 11 27 11 10 11 24 25
internal_value=0 -0.000214257 -0.000542805 -0.000656464 0.00217204 0.00299944 0.000266183 0.00168939
internal_weight=0 471 414 363 57 21 51 36
internal_count=482 471 414 363 57 21 51 36
is_linear=0
shrinkage=0.1


Tree=32
num_leaves=9
num_cat=0
split_feature=4 8 5 8 8 9 20 5
split_gain=0.0872284 0.0165403 0.0344631 0.0667435 0.0414564 0.000719741 0.0019419 5.74528e-05
threshold=24.444454457450465 0.21274530803542538 3.5027393163744595e-06 0.95909309360959272 0.64492759865560112 1.403699551687952 32.515000000000008 7.0360655506362954e-06
decision_type=2 2 2 2 2 2 2 2
left_child=1 5 4 -4 -3 7 -7 -1
right_child=-2 2 3 -5 -6 6 -8 -9
leaf_value=-0.00040823869087715627 0.0084190607226143285 0.00072964703044817712 0.0010707646329988607 -0.007381509701636705 0.0087044785645875068 -0.0010833504511274573 -0.00040541952402478322 -0.00023297240536305168
leaf_weight=171 11.999999999999998 16.000000000000004 62 10.999999999999998 10.999999999999998 69 109 21
leaf_count=171 12 16 62 11 11 69 109 21
internal_value=0 -0.000214955 0.000926144 -0.000202866 0.00397865 -0.00052336 -0.000668213 -0.000389069
internal_weight=0 470 100 73 27 370 178 192
internal_count=482 470 100 73 27 370 178 192
is_linear=0
shrinkage=0.1


Tree=33
num_leaves=9
num_cat=0
split_feature=8 8 8 5 7 8 9 8
split_gain=0.0806903 0.0182353 0.00196274 0.00136917 0.00114519 0.000883977 0.000654717 0.000504963
threshold=0.95909309360959272 0.29857205009569132 1.0000000180025095e-35 9.8097526617380043e-06 0.99222609149077434 0.64492759865560112 2.4333874833541462 0.46104050623931925
decision_type=2 2 2 2 2 2 2 2
left_child=1 2 3 -1 7 -6 -4 -3
right_child=-2 4 6 -5 5 -7 -8 -9
leaf_value=-0.0004512915720716337 0.0067668922464637201 0.00059652369863425316 0.00048265247230301617 -0.00090990879843208376 0.0013728583918418732 0.0027025028504431246 -0.00028497097955551001 0.0013703678147673297
leaf_weight=278 17 12.999999999999998 25 85 10.000000000000002 9.9999999999999982 20 24
leaf_count=278 17 13 25 85 10 10 20 24
internal_value=0 -0.000247392 -0.000481457 -0.000558681 0.00142802 0.00203768 0.000141486 0.00109848
internal_weight=0 465 408 363 57 20 45 37
internal_count=482 465 408 363 57 20 45 37
is_linear=0
shrinkage=0.1


Tree=34
num_leaves=7
num_cat=0
split_feature=4 27 26 8 8 5
split_gain=0.068436 0.0104532 0.066074 0.0554046 0.0105296 0.00674539
threshold=24.444454457450465 92.872554091951514 30.130195385859775 0.83422373914733605 0.29857205009569132 8.6625820490127143e-06
decision_type=2 2 2 2 2 2
left_child=1 3 5 4 -1 -3
right_child=-2 2 -4 -5 -6 -7
leaf_value=-0.00036912848940871834 0.0074572232151695061 0.00029682389451243747 0.00846302353485953 -0.0073850336272946807 0.001307060887172286 -0.0021587759791873396
leaf_weight=348 11.999999999999998 44 9.9999999999999982 10.999999999999998 42 14.999999999999998
leaf_count=348 12 44 10 11 42 15
internal_value=0 -0.000190397 0.000946505 -0.000386024 -0.000188616 -0.000327481
internal_weight=0 470 69 401 390 59
internal_count=482 470 69 401 390 59
is_linear=0
shrinkage=0.1


Tree=35
num_leaves=7
num_cat=0
split_feature=8 8 4 7 8 8
split_gain=0.0674772 0.0186383 0.00714029 0.00210141 0.00262946 0.00167502
threshold=1.1928182761087094 0.40307473609983463 24.444453788344287 0.71796147105446828 0.48050136604718979 1.0000000180025095e-35
decision_type=2 2 2 2 2 2
left_child=1 2 5 -3 -5 -1
right_child=-2 3 -4 4 -6 -7
leaf_value=-0.00042322282352891065 0.007742287100038746 0.00054255468930932695 -0.002927935686470433 0.00078168062162668717 0.0024704844746911143 0.00018998201392641219
leaf_weight=352 10.999999999999998 15.999999999999998 10.999999999999998 13.999999999999998 27 51
leaf_count=352 11 16 11 14 27 51
internal_value=0 -0.000180818 -0.000414233 0.00151452 0.00189382 -0.000345621
internal_weight=0 471 414 57 41 403
internal_count=482 471 414 57 41 403
is_linear=0
shrinkage=0.1


Tree=36
num_leaves=6
num_cat=0
split_feature=4 8 8 8 8
split_gain=0.0571149 0.0107364 0.013546 0.00214244 0.0013014
threshold=24.444454457450465 1.1928182761087094 0.40307473609983463 0.72863563012115018 1.0000000180025095e-35
decision_type=2 2 2 2 2
left_child=1 2 4 -4 -1
right_child=-2 -3 3 -5 -6
leaf_value=-0.00036923441614727752 0.0068125473102554684 -0.0034155368758365516 0.00099386267658048422 0.0024001464767691993 0.00017098381678235956
leaf_weight=355 11.999999999999998 9.9999999999999982 39 14.999999999999998 51
leaf_count=355 12 10 39 15 51
internal_value=0 -0.000173937 -0.000103468 0.0013845 -0.000301374
internal_weight=0 470 460 54 406
internal_count=482 470 460 54 406
is_linear=0
shrinkage=0.1


Tree=37
num_leaves=7
num_cat=0
split_feature=8 8 4 7 8 8
split_gain=0.0586256 0.0120753 0.00863374 0.00179155 0.00188705 0.00110415
threshold=1.1928182761087094 0.40307473609983463 24.444453788344287 0.71796147105446828 0.48050136604718979 1.0000000180025095e-35
decision_type=2 2 2 2 2 2
left_child=1 2 5 -3 -5 -1
right_child=-2 3 -4 4 -6 -7
leaf_value=-0.00034397709959276576 0.0072166289901360869 0.00029860085087420887 -0.0031205301342362712 0.00060412628975297722 0.0020347890987371404 0.00015388543166302367
leaf_weight=352 10.999999999999998 15.999999999999998 10.999999999999998 13.999999999999998 27 51
leaf_count=352 11 16 11 14 27 51
internal_value=0 -0.000168541 -0.000356419 0.00119605 0.00154627 -0.000280972
internal_weight=0 471 414 57 41 403
internal_count=482 471 414 57 41 403
is_linear=0
shrinkage=0.1


Tree=38
num_leaves=6
num_cat=0
split_feature=4 8 8 8 8
split_gain=0.0481835 0.0135071 0.00888958 0.00151874 0.000862716
threshold=24.444454457450465 1.1928182761087094 0.40307473609983463 0.72863563012115018 0.17452723832009934
decision_type=2 2 2 2 2
left_child=1 2 4 -4 -1
right_child=-2 -3 3 -5 -6
leaf_value=-0.00028856093822196522 0.0062572563377519446 -0.0037956462707370523 0.00079577580491343568 0.0019798020677020151 0.00020612726474586777
leaf_weight=367 11.999999999999998 9.9999999999999982 39 14.999999999999998 39
leaf_count=367 12 10 39 15 39
internal_value=0 -0.00015976 -8.07187e-05 0.00112467 -0.000241042
internal_weight=0 470 460 54 406
internal_count=482 470 460 54 406
is_linear=0
shrinkage=0.1


Tree=39
num_leaves=6
num_cat=0
split_feature=8 4 8 7 8
split_gain=0.0517941 0.0144898 0.00728962 0.00171858 0.00111458
threshold=1.1928182761087094 24.444454457450465 0.44950191642973786 0.71796147105446828 0.17452723832009934
decision_type=2 2 2 2 2
left_child=1 2 4 -4 -1
right_child=-2 -3 3 -5 -6
leaf_value=-0.00025970484580519821 0.0067831410687755464 -0.0037451818077401684 3.891520202159882e-05 0.0015407908313136431 0.0002392091562654184
leaf_weight=367 10.999999999999998 10.999999999999998 9.9999999999999982 32 51
leaf_count=367 11 11 10 32 51
internal_value=0 -0.000158417 -7.26469e-05 0.0011832 -0.000198833
internal_weight=0 471 460 42 418
internal_count=482 471 460 42 418
is_linear=0
shrinkage=0.1


Tree=40
num_leaves=6
num_cat=0
split_feature=24 9 24 4 22
split_gain=0.0460373 0.0796381 0.0123593 0.00986205 0.00859596
threshold=37.155620784713555 1.9658210348805938 36.904761139432814 24.444454457450465 337.24000000000007
decision_type=2 2 2 2 2
left_child=2 -2 3 4 -1
right_child=1 -3 -4 -5 -6
leaf_value=7.403297132132482e-06 -0.00059913283644813672 0.011085152662126348 -0.0033906674889900993 -0.0032434954028576616 -0.0027066414455475755
leaf_weight=424 14.000000000000002 9.9999999999999982 11.999999999999998 9.9999999999999982 11.999999999999998
leaf_count=424 14 10 12 10 12
internal_value=0 0.00426932 -0.00022372 -0.00013851 -6.72952e-05
internal_weight=0 24 458 446 436
internal_count=482 24 458 446 436
is_linear=0
shrinkage=0.1


Tree=41
num_leaves=6
num_cat=0
split_feature=4 8 8 7 8
split_gain=0.0458104 0.0153677 0.00528651 0.001128 0.000967396
threshold=24.444454457450465 1.1928182761087094 0.29857205009569132 1.3545158264417239 0.72863563012115018
decision_type=2 2 2 2 2
left_child=1 2 3 -1 -4
right_child=-2 -3 4 -5 -6
leaf_value=-0.00016848390743670432 0.0061012204658860963 -0.0040340146236121661 0.00057201184047799979 -0.0010254420536512045 0.0014993240777403116
leaf_weight=384 11.999999999999998 9.9999999999999982 45 15.999999999999998 14.999999999999998
leaf_count=384 12 10 45 16 15
internal_value=0 -0.000155776 -7.14663e-05 -0.000202762 0.00080384
internal_weight=0 470 460 400 60
internal_count=482 470 460 400 60
is_linear=0
shrinkage=0.1


Tree=42
num_leaves=9
num_cat=0
split_feature=8 8 5 5 29 7 7 6
split_gain=0.04568 0.00505089 0.00201363 0.00505563 0.0012988 0.00184157 0.000876068 0.000666009
threshold=1.1928182761087094 0.22149107927770548 9.8097526617380043e-06 2.2415607814352256e-05 43.149793921256794 1.0618883980326943 1.193579276272976 58.462458097061607
decision_type=2 2 2 2 2 2 2 2
left_child=1 2 6 -4 7 -6 -1 -3
right_child=-2 4 3 -5 5 -7 -8 -9
leaf_value=-0.00013063021956086167 0.0063702075318856676 0.00051675483642611632 -0.002160857744451948 -0.00032700117022462416 0.0004881044550777667 0.0017711666133254766 -0.00086981942141017713 -0.00058824105168847997
leaf_weight=282 10.999999999999998 10.000000000000002 19 72 44 14.999999999999998 17 11.999999999999998
leaf_count=282 11 10 19 72 44 15 17 12
internal_value=0 -0.000148773 -0.000298013 -0.000709894 0.000569787 0.000814307 -0.000172658 -8.59702e-05
internal_weight=0 471 390 91 81 59 299 22
internal_count=482 471 390 91 81 59 299 22
is_linear=0
shrinkage=0.1


Tree=43
num_leaves=6
num_cat=0
split_feature=4 8 8 26 1
split_gain=0.0381786 0.0173891 0.00362897 0.00162484 0.000912029
threshold=24.444454457450465 1.1928182761087094 0.46104050623931925 31.697701459324662 17.500000000000004
decision_type=2 2 2 2 2
left_child=1 2 4 -4 -1
right_child=-2 -3 3 -5 -6
leaf_value=-5.0479517515367496e-05 0.0055698678557140136 -0.0042676336877048018 0.0012748706395671304 -0.00015950281151824378 -0.00038549811589043452
leaf_weight=311 11.999999999999998 9.9999999999999982 28 10.999999999999998 110
leaf_count=311 12 10 28 11 110
internal_value=0 -0.000142209 -5.25263e-05 0.000870304 -0.000138014
internal_weight=0 470 460 39 421
internal_count=482 470 460 39 421
is_linear=0
shrinkage=0.1


Tree=44
num_leaves=6
num_cat=0
split_feature=8 4 8 26 1
split_gain=0.041483 0.0175896 0.00301538 0.000819337 0.000666439
threshold=1.1928182761087094 24.444454457450465 0.40307473609983463 32.963842290428524 17.500000000000004
decision_type=2 2 2 2 2
left_child=1 2 4 -4 -1
right_child=-2 -3 3 -5 -6
leaf_value=-6.6920322459453497e-05 0.0060705189508470621 -0.0040936212616295301 0.00088520562800113115 -3.6561803426593545e-06 -0.00036328919430719787
leaf_weight=305 10.999999999999998 10.999999999999998 40 13.999999999999998 101
leaf_count=305 11 11 40 14 101
internal_value=0 -0.000141774 -4.72736e-05 0.00065476 -0.000140648
internal_weight=0 471 460 54 406
internal_count=482 471 460 54 406
is_linear=0
shrinkage=0.1


Tree=45
num_leaves=6
num_cat=0
split_feature=24 28 8 4 8
split_gain=0.0356261 0.0754677 0.0184754 0.0120923 0.00261572
threshold=37.155620784713555 52.125348589846126 1.1928182761087094 24.444454457450465 0.21274530803542538
decision_type=2 2 2 2 2
left_child=2 -2 3 4 -1
right_child=1 -3 -4 -5 -6
leaf_value=-0.00014420292503028906 0.01039064447948476 -0.00098359239429035897 -0.0044479227066040036 -0.0035402757022529839 0.00047099147765927002
leaf_weight=352 10.000000000000002 13.999999999999998 9.9999999999999982 9.9999999999999982 86
leaf_count=352 10 14 10 10 86
internal_value=0 0.00375567 -0.000196804 -0.000101913 -2.34113e-05
internal_weight=0 24 458 448 438
internal_count=482 24 458 448 438
is_linear=0
shrinkage=0.1


Tree=46
num_leaves=6
num_cat=0
split_feature=4 8 8 7 29
split_gain=0.0379638 0.0152339 0.00217856 0.00123832 0.00072452
threshold=24.444454457450465 1.1928182761087094 0.21274530803542538 1.193579276272976 43.149793921256794
decision_type=2 2 2 2 2
left_child=1 2 3 -1 -4
right_child=-2 -3 4 -5 -6
leaf_value=-0.00012032222591023569 0.0055541735879766447 -0.0040031300392001871 -8.7128182667584045e-05 -0.00091099203063571457 0.00055447862932024616
leaf_weight=349 11.999999999999998 9.9999999999999982 24 21 66
leaf_count=349 12 10 24 21 66
internal_value=0 -0.000141809 -5.78669e-05 -0.000165198 0.000383383
internal_weight=0 470 460 370 90
internal_count=482 470 460 370 90
is_linear=0
shrinkage=0.1


Tree=47
num_leaves=6
num_cat=0
split_feature=8 4 8 23 24
split_gain=0.0417057 0.0159804 0.00185612 0.00106463 0.00103966
threshold=1.1928182761087094 24.444454457450465 0.46104050623931925 190.69500000000002 37.155620784713555
decision_type=2 2 2 2 2
left_child=1 2 4 -4 -1
right_child=-2 -3 3 -5 -6
leaf_value=-7.9054860304327959e-05 0.0060867911120030017 -0.0039088915155099874 0.0010436795429205118 -1.8524398910813034e-05 -0.00083605698554923668
leaf_weight=402 10.999999999999998 10.999999999999998 23 15.999999999999998 19
leaf_count=402 11 11 23 16 19
internal_value=0 -0.000142154 -5.20802e-05 0.000607904 -0.000113219
internal_weight=0 471 460 39 421
internal_count=482 471 460 39 421
is_linear=0
shrinkage=0.1


Tree=48
num_leaves=6
num_cat=0
split_feature=4 8 8 7 8
split_gain=0.0346515 0.0169751 0.00153923 0.000939665 0.000607876
threshold=24.444454457450465 1.1928182761087094 0.21274530803542538 1.193579276272976 0.72863563012115018
decision_type=2 2 2 2 2
left_child=1 2 3 -1 -4
right_child=-2 -3 4 -5 -6
leaf_value=-9.7998548796358e-05 0.0053063475294038657 -0.0042114960495382549 0.00020779804522559668 -0.00078675394511914685 0.00090515101483712608
leaf_weight=349 11.999999999999998 9.9999999999999982 75 21 14.999999999999998
leaf_count=349 12 10 75 21 15
internal_value=0 -0.000135481 -4.68722e-05 -0.00013709 0.000324024
internal_weight=0 470 460 370 90
internal_count=482 470 460 370 90
is_linear=0
shrinkage=0.1


Tree=49
num_leaves=6
num_cat=0
split_feature=8 4 8 7 27
split_gain=0.0380347 0.0172445 0.0012929 0.000961844 0.000663467
threshold=1.1928182761087094 24.444454457450465 1.0000000180025095e-35 1.193579276272976 76.745756498934952
decision_type=2 2 2 2 2
left_child=1 2 3 -1 -4
right_child=-2 -3 4 -5 -6
leaf_value=-9.760165192019593e-05 0.0058127356354485855 -0.0040486371451865207 0.00050575206806322307 -0.00089102825586451218 2.4392127234023067e-06
leaf_weight=339 10.999999999999998 10.999999999999998 55 15.999999999999998 50
leaf_count=339 11 11 55 16 50
internal_value=0 -0.000135754 -4.2185e-05 -0.000133362 0.000266079
internal_weight=0 471 460 355 105
internal_count=482 471 460 355 105
is_linear=0
shrinkage=0.1


Tree=50
num_leaves=6
num_cat=0
split_feature=4 8 8 35 24
split_gain=0.0319888 0.018381 0.00113609 0.00120157 0.000741965
threshold=24.444454457450465 1.1928182761087094 0.64492759865560112 267.3764425466149 37.155620784713555
decision_type=2 2 2 2 2
left_child=1 2 4 -4 -1
right_child=-2 -3 3 -5 -6
leaf_value=-5.1233422475948548e-05 0.0050983979871186118 -0.0043716199696063997 0.0010045187268406151 -0.00033800165052525703 -0.00069042103316046698
leaf_weight=411 11.999999999999998 9.9999999999999982 20.000000000000004 9.9999999999999982 19
leaf_count=411 12 10 20 10 19
internal_value=0 -0.000130172 -3.79665e-05 0.000557012 -7.94766e-05
internal_weight=0 470 460 30 430
internal_count=482 470 460 30 430
is_linear=0
shrinkage=0.1


Tree=51
num_leaves=6
num_cat=0
split_feature=8 4 8 7 30
split_gain=0.0350818 0.0182308 0.000938253 0.000732049 0.000586877
threshold=1.1928182761087094 24.444454457450465 1.0000000180025095e-35 1.193579276272976 217.40297085373717
decision_type=2 2 2 2 2
left_child=1 2 3 -1 -4
right_child=-2 -3 4 -5 -6
leaf_value=-8.0644083049436451e-05 0.0055825330994345931 -0.0041536132201806389 0.00015172991271308428 -0.00077283255814108998 0.00095712034730240699
leaf_weight=339 10.999999999999998 10.999999999999998 95 15.999999999999998 9.9999999999999982
leaf_count=339 11 11 95 16 10
internal_value=0 -0.000130378 -3.41698e-05 -0.000111841 0.000228434
internal_weight=0 471 460 355 105
internal_count=482 471 460 355 105
is_linear=0
shrinkage=0.1


Tree=52
num_leaves=6
num_cat=0
split_feature=4 8 8 23 24
split_gain=0.0298231 0.0194855 0.000822191 0.00101581 0.000620108
threshold=24.444454457450465 1.1928182761087094 0.64492759865560112 190.69500000000002 25.208748391445848
decision_type=2 2 2 2 2
left_child=1 2 4 -4 -1
right_child=-2 -3 3 -5 -6
leaf_value=-0.00028709791259847855 0.0049227850705695657 -0.0044927117228507991 0.00095051591067911207 -0.00023727582981033872 -8.2135546475560178e-07
leaf_weight=98 11.999999999999998 9.9999999999999982 18.000000000000004 11.999999999999998 332
leaf_count=98 12 10 18 12 332
internal_value=0 -0.000125688 -3.07528e-05 0.000475399 -6.60658e-05
internal_weight=0 470 460 30 430
internal_count=482 470 460 30 430
is_linear=0
shrinkage=0.1


Tree=53
num_leaves=5
num_cat=0
split_feature=8 4 8 24
split_gain=0.0326789 0.0189766 0.0007114 0.000529744
threshold=1.1928182761087094 24.444454457450465 0.72863563012115018 37.155620784713555
decision_type=2 2 2 2
left_child=1 2 3 -1
right_child=-2 -3 -4 -5
leaf_value=-2.6840881429747882e-05 0.0053879559124735271 -0.0042305304065600718 0.00064967129107875137 -0.00055346863227896399
leaf_weight=425 10.999999999999998 10.999999999999998 14.999999999999998 20
leaf_count=425 11 11 15 20
internal_value=0 -0.000125833 -2.76776e-05 -5.05095e-05
internal_weight=0 471 460 445
internal_count=482 471 460 445
is_linear=0
shrinkage=0.1


Tree=54
num_leaves=6
num_cat=0
split_feature=24 33 8 4 8
split_gain=0.0295666 0.0620776 0.0198187 0.0129574 0.000853245
threshold=37.155620784713555 720.31400232775036 1.1928182761087094 24.444454457450465 0.72863563012115018
decision_type=2 2 2 2 2
left_child=2 -2 3 4 -1
right_child=1 -3 -4 -5 -6
leaf_value=-2.4156791368167276e-05 -0.00087690467480570065 0.00943904034094885 -0.0045822361484169965 -0.0036402513179928063 0.00079829015392953384
leaf_weight=425 14.000000000000002 9.9999999999999982 9.9999999999999982 9.9999999999999982 12.999999999999998
leaf_count=425 14 10 10 10 13
internal_value=0 0.00342141 -0.000179288 -8.10075e-05 2.53734e-07
internal_weight=0 24 458 448 438
internal_count=482 24 458 448 438
is_linear=0
shrinkage=0.1


Tree=55
num_leaves=6
num_cat=0
split_feature=4 8 24 8 33
split_gain=0.0308326 0.0163169 0.00162172 0.000693191 0.000477832
threshold=24.444454457450465 1.1928182761087094 37.321949960025925 0.72863563012115018 695.46629570637936
decision_type=2 2 2 2 2
left_child=1 2 3 -1 -4
right_child=-2 -3 4 -5 -6
leaf_value=-2.2793013135658167e-05 0.005005408928263933 -0.0041240126825869087 -0.00043281786609441027 0.00071846117946104367 -0.0014103982830420136
leaf_weight=427 11.999999999999998 9.9999999999999982 10.000000000000002 12.999999999999998 9.9999999999999982
leaf_count=427 12 10 10 13 10
internal_value=0 -0.000127798 -4.09234e-05 -8.92321e-07 -0.000921608
internal_weight=0 470 460 440 20
internal_count=482 470 460 440 20
is_linear=0
shrinkage=0.1


Tree=56
num_leaves=6
num_cat=0
split_feature=8 4 24 8 33
split_gain=0.0341677 0.0166119 0.00131359 0.000602339 0.000387044
threshold=1.1928182761087094 24.444454457450465 37.321949960025925 1.0000000180025095e-35 695.46629570637936
decision_type=2 2 2 2 2
left_child=1 2 3 -1 -4
right_child=-2 -3 4 -5 -6
leaf_value=-6.4256462459832842e-05 0.0055093245665458123 -0.0039691144314763904 -0.00038953607203438866 0.00021493837318848822 -0.001269358426798135
leaf_weight=340 10.999999999999998 10.999999999999998 10.000000000000002 100 9.9999999999999982
leaf_count=340 11 11 10 100 10
internal_value=0 -0.000128668 -3.68311e-05 -8.03091e-07 -0.000829447
internal_weight=0 471 460 440 20
internal_count=482 471 460 440 20
is_linear=0
shrinkage=0.1


Tree=57
num_leaves=6
num_cat=0
split_feature=4 8 24 8 33
split_gain=0.0286238 0.0175072 0.00106401 0.000524687 0.000313505
threshold=24.444454457450465 1.1928182761087094 37.321949960025925 0.72863563012115018 695.46629570637936
decision_type=2 2 2 2 2
left_child=1 2 3 -1 -4
right_child=-2 -3 4 -5 -6
leaf_value=-1.9776582153429444e-05 0.0048227924349096918 -0.0042625434417277583 -0.00035058247507549815 0.00062512119833487442 -0.001142422582488507
leaf_weight=427 11.999999999999998 9.9999999999999982 10.000000000000002 12.999999999999998 9.9999999999999982
leaf_count=427 12 10 10 13 10
internal_value=0 -0.000123135 -3.3148e-05 -7.22784e-07 -0.000746503
internal_weight=0 470 460 440 20
internal_count=482 470 460 440 20
is_linear=0
shrinkage=0.1


Tree=58
num_leaves=6
num_cat=0
split_feature=8 4 24 11 7
split_gain=0.0316451 0.0174015 0.000861849 0.000462794 0.000130063
threshold=1.1928182761087094 24.444454457450465 37.321949960025925 407.83390734311348 1.0187439002356535
decision_type=2 2 2 2 2
left_child=1 2 3 -1 -4
right_child=-2 -3 4 -5 -6
leaf_value=-5.6989490911603936e-05 0.0053020518442446537 -0.004054482214930679 -0.00041683980321977277 0.00018604143695474882 -0.00092686475894879553
leaf_weight=338 10.999999999999998 10.999999999999998 10.000000000000002 102 9.9999999999999982
leaf_count=338 11 11 10 102 10
internal_value=0 -0.000123827 -2.98332e-05 -6.50503e-07 -0.000671852
internal_weight=0 471 460 440 20
internal_count=482 471 460 440 20
is_linear=0
shrinkage=0.1


Tree=59
num_leaves=6
num_cat=0
split_feature=4 24 28 22 7
split_gain=0.0268158 0.00856237 0.0121106 0.00697052 0.00925118
threshold=24.444454457450465 36.995090209110522 48.897767448302133 337.24000000000007 1.193579276272976
decision_type=2 2 2 2 2
left_child=1 3 -3 4 -1
right_child=-2 2 -4 -5 -6
leaf_value=-6.7828492611077325e-05 0.0046679906391849128 -0.0046052335482090695 -0.00026487741092245823 -0.0023889518177990492 0.0018120971053057083
leaf_weight=402 11.999999999999998 10.000000000000002 18 11.999999999999998 28
leaf_count=402 12 10 18 12 28
internal_value=0 -0.000119183 -0.001815 -1.17551e-05 5.45853e-05
internal_weight=0 470 28 442 430
internal_count=482 470 28 442 430
is_linear=0
shrinkage=0.1


Tree=60
num_leaves=6
num_cat=0
split_feature=24 9 8 4 1
split_gain=0.0291697 0.0564273 0.0177723 0.0150703 0.000439462
threshold=37.155620784713555 1.9658210348805938 1.1928182761087094 24.444454457450465 17.500000000000004
decision_type=2 2 2 2 2
left_child=2 -2 3 4 -1
right_child=1 -3 -4 -5 -6
leaf_value=6.8769639739136928e-05 -0.00069966590027823773 0.0091356003924738614 -0.0043475236929953103 -0.0039234857397968878 -0.00014906256283279788
leaf_weight=305 14.000000000000002 9.9999999999999982 9.9999999999999982 9.9999999999999982 133
leaf_count=305 14 10 10 10 133
internal_value=0 0.00339836 -0.00017808 -8.50121e-05 2.62424e-06
internal_weight=0 24 458 448 438
internal_count=482 24 458 448 438
is_linear=0
shrinkage=0.1


Tree=61
num_leaves=6
num_cat=0
split_feature=8 4 24 9 8
split_gain=0.0288084 0.0148792 0.00116348 0.000681737 0.000442436
threshold=1.1928182761087094 24.444454457450465 37.321949960025925 1.7579558379952382 0.80460291873703582
decision_type=2 2 2 2 2
left_child=1 2 4 -4 -1
right_child=-2 -3 3 -5 -6
leaf_value=-1.2616474724530046e-05 0.0050588351759043616 -0.0037527919154275551 -0.00019334602344315492 -0.0013610248849727216 0.00066023212682921441
leaf_weight=430 10.999999999999998 10.999999999999998 10.000000000000002 9.9999999999999982 9.9999999999999982
leaf_count=430 11 11 10 10 10
internal_value=0 -0.000118147 -3.12315e-05 -0.000777185 2.67554e-06
internal_weight=0 471 460 20 440
internal_count=482 471 460 20 440
is_linear=0
shrinkage=0.1


Tree=62
num_leaves=6
num_cat=0
split_feature=4 8 24 9 8
split_gain=0.0278798 0.0188668 0.00094242 0.000552207 0.000409662
threshold=24.444454457450465 1.1928182761087094 37.321949960025925 1.7579558379952382 0.22149107927770548
decision_type=2 2 2 2 2
left_child=1 2 4 -4 -1
right_child=-2 -3 3 -5 -6
leaf_value=-4.0979218781347085e-05 0.0047596982486235598 -0.0044186550378799445 -0.00017401141318259758 -0.0012249224074184894 0.00021699875293494631
leaf_weight=366 11.999999999999998 9.9999999999999982 10.000000000000002 9.9999999999999982 74
leaf_count=366 12 10 10 10 74
internal_value=0 -0.000121524 -2.81083e-05 -0.000699467 2.40799e-06
internal_weight=0 470 460 20 440
internal_count=482 470 460 20 440
is_linear=0
shrinkage=0.1


Tree=63
num_leaves=6
num_cat=0
split_feature=8 4 24 9 6
split_gain=0.0271535 0.015744 0.00076336 0.000447288 0.000404413
threshold=1.1928182761087094 24.444454457450465 37.321949960025925 1.7579558379952382 55.134194082884356
decision_type=2 2 2 2 2
left_child=1 2 4 -4 -1
right_child=-2 -3 3 -5 -6
leaf_value=0.00044150242814794183 0.0049113770692863247 -0.0038534826260398732 -0.00015661027820897285 -0.0011024301731958985 -1.8753539067499028e-05
leaf_weight=20 10.999999999999998 10.999999999999998 10.000000000000002 9.9999999999999982 420
leaf_count=20 11 11 10 10 420
internal_value=0 -0.000114703 -2.52975e-05 -0.00062952 2.16719e-06
internal_weight=0 471 460 20 440
internal_count=482 471 460 20 440
is_linear=0
shrinkage=0.1


Tree=64
num_leaves=6
num_cat=0
split_feature=4 8 7 18 6
split_gain=0.0259954 0.019339 0.00070802 0.0017108 0.000298511
threshold=24.444454457450465 1.1928182761087094 1.1644888937126343 0.029040000000000003 55.134194082884356
decision_type=2 2 2 2 2
left_child=1 2 4 -4 -1
right_child=-2 -3 3 -5 -6
leaf_value=0.00039735218189889564 0.0045960360827545328 -0.0044679275155067441 -4.9321221913008861e-05 -0.0014189466084644665 1.2342655347124376e-06
leaf_weight=20 11.999999999999998 9.9999999999999982 38 11.999999999999998 390
leaf_count=20 12 10 38 12 390
internal_value=0 -0.000117346 -2.27677e-05 -0.000378031 2.05571e-05
internal_weight=0 470 460 50 410
internal_count=482 470 460 50 410
is_linear=0
shrinkage=0.1


Tree=65
num_leaves=6
num_cat=0
split_feature=8 4 24 1 9
split_gain=0.0257701 0.016401 0.000603128 0.000388404 0.00034778
threshold=1.1928182761087094 24.444454457450465 37.321949960025925 17.500000000000004 1.7579558379952382
decision_type=2 2 2 2 2
left_child=1 2 3 -1 -4
right_child=-2 -3 4 -5 -6
leaf_value=6.5762049401257077e-05 0.004784632685848258 -0.0039277378840117975 -0.00014056711850571441 -0.00013882272573287734 -0.00097456989224156134
leaf_weight=307 10.999999999999998 10.999999999999998 10.000000000000002 133 9.9999999999999982
leaf_count=307 11 11 10 133 10
internal_value=0 -0.000111743 -2.0491e-05 3.92165e-06 -0.000557569
internal_weight=0 471 460 440 20
internal_count=482 471 460 440 20
is_linear=0
shrinkage=0.1


Tree=66
num_leaves=6
num_cat=0
split_feature=24 6 8 4 8
split_gain=0.0258099 0.0513562 0.0191859 0.0107538 0.000351778
threshold=37.155620784713555 59.344481737296924 1.1928182761087094 24.444454457450465 0.22149107927770548
decision_type=2 2 2 2 2
left_child=2 -2 3 4 -1
right_child=1 -3 -4 -5 -6
leaf_value=-3.7190314007632851e-05 0.0086700330278836162 -0.00071288602983778614 -0.0044995979592204098 -0.0033133093221113089 0.00020197862086698064
leaf_weight=364 10.000000000000002 13.999999999999998 9.9999999999999982 9.9999999999999982 74
leaf_count=364 10 14 10 10 74
internal_value=0 0.00319666 -0.000167511 -7.08124e-05 3.21722e-06
internal_weight=0 24 458 448 438
internal_count=482 24 458 448 438
is_linear=0
shrinkage=0.1


Tree=67
num_leaves=6
num_cat=0
split_feature=4 8 24 20 9
split_gain=0.025907 0.0158007 0.00109336 0.000340612 0.000178844
threshold=24.444454457450465 1.1928182761087094 37.155620784713555 32.515000000000008 1.4906886863801165
decision_type=2 2 2 2 2
left_child=1 2 3 -1 -4
right_child=-2 -3 4 -5 -6
leaf_value=-5.3457163568227512e-05 0.0045882114830116429 -0.0040496376622468234 -0.00040723154124862034 0.0001408929681986585 -0.00097983942832797761
leaf_weight=311 11.999999999999998 9.9999999999999982 10.000000000000002 127 11.999999999999998
leaf_count=311 12 10 10 127 12
internal_value=0 -0.000117146 -3.16569e-05 2.8955e-06 -0.000719563
internal_weight=0 470 460 438 22
internal_count=482 470 460 438 22
is_linear=0
shrinkage=0.1


Tree=68
num_leaves=6
num_cat=0
split_feature=8 4 7 18 7
split_gain=0.0277255 0.0150504 0.000477945 0.00135867 0.000275562
threshold=1.1928182761087094 24.444454457450465 1.1644888937126343 0.029040000000000003 1.0618883980326943
decision_type=2 2 2 2 2
left_child=1 2 4 -4 -1
right_child=-2 -3 3 -5 -6
leaf_value=-1.42273630123572e-05 0.004962843123146079 -0.0037713938392698767 -2.7445505427175175e-05 -0.0012480050858963902 0.00032216748592103474
leaf_weight=384 10.999999999999998 10.999999999999998 38 11.999999999999998 26
leaf_count=384 11 11 38 12 26
internal_value=0 -0.000115905 -2.84912e-05 -0.00032038 7.10499e-06
internal_weight=0 471 460 50 410
internal_count=482 471 460 50 410
is_linear=0
shrinkage=0.1


Tree=69
num_leaves=6
num_cat=0
split_feature=4 8 24 1 9
split_gain=0.024192 0.0165755 0.000872337 0.000328636 0.000138789
threshold=24.444454457450465 1.1928182761087094 37.155620784713555 17.500000000000004 1.4906886863801165
decision_type=2 2 2 2 2
left_child=1 2 3 -1 -4
right_child=-2 -3 4 -5 -6
leaf_value=6.2420898013561924e-05 0.004433744462827841 -0.0041409589257091284 -0.00036495346343144762 -0.00012595206484876056 -0.00086938019570273668
leaf_weight=305 11.999999999999998 9.9999999999999982 10.000000000000002 133 11.999999999999998
leaf_count=305 12 10 10 133 12
internal_value=0 -0.000113202 -2.56421e-05 5.22089e-06 -0.000640095
internal_weight=0 470 460 438 22
internal_count=482 470 460 438 22
is_linear=0
shrinkage=0.1


Tree=70
num_leaves=6
num_cat=0
split_feature=8 4 24 22 9
split_gain=0.0259651 0.0156321 0.000706593 0.000318456 0.000112419
threshold=1.1928182761087094 24.444454457450465 37.155620784713555 337.24000000000007 1.4906886863801165
decision_type=2 2 2 2 2
left_child=1 2 3 -1 -4
right_child=-2 -3 4 -5 -6
leaf_value=-8.9870012889533924e-06 0.0048027025112374264 -0.0038376288996501405 -0.00032845812500454475 0.00053595672626132991 -0.00078244217729661614
leaf_weight=427 10.999999999999998 10.999999999999998 10.000000000000002 10.999999999999998 11.999999999999998
leaf_count=427 11 11 10 11 12
internal_value=0 -0.000112165 -2.30779e-05 4.6988e-06 -0.000576086
internal_weight=0 471 460 438 22
internal_count=482 471 460 438 22
is_linear=0
shrinkage=0.1


Tree=71
num_leaves=6
num_cat=0
split_feature=4 8 24 8 25
split_gain=0.0227771 0.0171528 0.00057234 0.000308331 9.24059e-05
threshold=24.444454457450465 1.1928182761087094 37.155620784713555 0.80460291873703582 29.284428333137875
decision_type=2 2 2 2 2
left_child=1 2 3 -1 -4
right_child=-2 -3 4 -5 -6
leaf_value=-8.5958551191703075e-06 0.004302130061356972 -0.0042071333248168237 -0.00072342277800833618 0.00055312922690063714 -0.00031353163067251446
leaf_weight=428 11.999999999999998 9.9999999999999982 11.000000000000002 9.9999999999999982 10.999999999999998
leaf_count=428 12 10 11 10 11
internal_value=0 -0.000109842 -2.07701e-05 4.22892e-06 -0.000518477
internal_weight=0 470 460 438 22
internal_count=482 470 460 438 22
is_linear=0
shrinkage=0.1


Tree=72
num_leaves=6
num_cat=0
split_feature=24 33 4 24 5
split_gain=0.022563 0.0527777 0.0117962 0.0100086 0.0060699
threshold=37.155620784713555 720.31400232775036 24.444454457450465 36.904761139432814 0.015608327550735202
decision_type=2 2 2 2 2
left_child=2 -2 3 4 -1
right_child=1 -3 -4 -5 -6
leaf_value=-6.2410451054508014e-05 -0.00097445236346434911 0.0085374340740963818 -0.0035534847038798038 -0.0029298444559875255 0.0023168559940214355
leaf_weight=425 14.000000000000002 9.9999999999999982 9.9999999999999982 11.999999999999998 10.999999999999998
leaf_count=425 14 10 10 12 11
internal_value=0 0.00298883 -0.00015662 -8.07972e-05 -2.38309e-06
internal_weight=0 24 458 448 436
internal_count=482 24 458 448 436
is_linear=0
shrinkage=0.1


Tree=73
num_leaves=6
num_cat=0
split_feature=8 4 24 5 7
split_gain=0.0235785 0.0133693 0.00124415 0.000450365 0.000134925
threshold=1.1928182761087094 24.444454457450465 37.155620784713555 0.0084056296711789019 0.9958207711095689
decision_type=2 2 2 2 2
left_child=1 2 3 -1 -4
right_child=-2 -3 4 -5 -6
leaf_value=3.4540037764430415e-05 0.0045766572213985701 -0.0035521762826564635 -0.00048702204774599508 -0.00045121405317331668 -0.00098437757897045235
leaf_weight=418 10.999999999999998 10.999999999999998 10.000000000000002 20 11.999999999999998
leaf_count=418 11 11 10 20 12
internal_value=0 -0.000106886 -2.44985e-05 1.23595e-05 -0.000758307
internal_weight=0 471 460 438 22
internal_count=482 471 460 438 22
is_linear=0
shrinkage=0.1


Tree=74
num_leaves=8
num_cat=0
split_feature=30 24 8 24 15 35 29
split_gain=0.021916 0.0587332 0.0167709 0.00171999 0.00123766 9.22927e-05 1.23275e-05
threshold=262.62941192426177 36.305596477968727 1.1928182761087094 37.321949960025925 0.51551598922955033 285.56451151416536 91.243464959546586
decision_type=2 2 2 2 2 2 2
left_child=2 5 3 4 -1 6 -2
right_child=1 -3 -4 -5 -6 -7 -8
leaf_value=-7.9641919816284692e-06 -0.00011120832379674535 0.0088720016321167366 -0.0042567553184926516 -0.0010710248975859336 -0.00053873853060940741 0.00032671178222782064 4.2200598876330663e-05
leaf_weight=362 10.000000000000002 9.9999999999999982 9.9999999999999982 18 50 10.999999999999998 10.999999999999998
leaf_count=362 10 10 10 18 50 11 11
internal_value=0 0.00218252 -0.000208332 -0.000114182 -7.23786e-05 9.2061e-05 -3.08513e-05
internal_weight=0 42 440 430 412 32 21
internal_count=482 42 440 430 412 32 21
is_linear=0
shrinkage=0.1


Tree=75
num_leaves=6
num_cat=0
split_feature=4 24 33 22 7
split_gain=0.0232124 0.00937562 0.00937782 0.00571248 0.0080457
threshold=24.444454457450465 36.995090209110522 720.31400232775036 337.24000000000007 1.193579276272976
decision_type=2 2 2 2 2
left_child=1 3 -3 4 -1
right_child=-2 2 -4 -5 -6
leaf_value=-5.257655402601813e-05 0.0043430523946881294 -0.00041329424848834815 -0.0041605137500234628 -0.0021504859139289084 0.00170059383079888
leaf_weight=402 11.999999999999998 17.000000000000004 10.999999999999998 11.999999999999998 28
leaf_count=402 12 17 11 12 28
internal_value=0 -0.000110886 -0.00188542 1.5272e-06 6.15834e-05
internal_weight=0 470 28 442 430
internal_count=482 470 28 442 430
is_linear=0
shrinkage=0.1


Tree=76
num_leaves=6
num_cat=0
split_feature=8 4 24 22 32
split_gain=0.0217856 0.0138114 0.000593905 0.000584144 0.000163069
threshold=1.1928182761087094 24.444454457450465 37.155620784713555 337.24000000000007 163.37387400989823
decision_type=2 2 2 2 2
left_child=1 2 3 -1 -4
right_child=-2 -3 4 -5 -6
leaf_value=-1.2072946558695958e-05 0.0043992156332189388 -0.0036045448896898469 -0.00077453249832615235 0.00072597880339757975 -0.00022776065656216816
leaf_weight=427 10.999999999999998 10.999999999999998 12.000000000000002 10.999999999999998 9.9999999999999982
leaf_count=427 11 11 12 11 10
internal_value=0 -0.000102742 -1.9003e-05 6.4626e-06 -0.000526
internal_weight=0 471 460 438 22
internal_count=482 471 460 438 22
is_linear=0
shrinkage=0.1


Tree=77
num_leaves=6
num_cat=0
split_feature=4 8 7 26 24
split_gain=0.0217343 0.0175883 0.000565197 0.00176089 0.000393478
threshold=24.444454457450465 1.1928182761087094 1.2037965661101129 31.001769638849602 37.155620784713555
decision_type=2 2 2 2 2
left_child=1 2 4 -4 -1
right_child=-2 -3 3 -5 -6
leaf_value=2.9218094605813859e-05 0.0042025036256139485 -0.004256280567497015 -0.001516452690120786 0.00013858789576867518 -0.00049208275896186636
leaf_weight=417 11.999999999999998 9.9999999999999982 10.000000000000002 18 14.999999999999998
leaf_count=417 12 10 10 18 15
internal_value=0 -0.000107298 -1.71027e-05 -0.000452498 1.11174e-05
internal_weight=0 470 460 28 432
internal_count=482 470 460 28 432
is_linear=0
shrinkage=0.1


Tree=78
num_leaves=7
num_cat=0
split_feature=15 30 4 8 24 28
split_gain=0.0213725 0.0544225 0.0135778 0.0141959 0.000511982 3.4095e-05
threshold=0.37954053099890644 248.3097765277 24.444454457450465 1.1928182761087094 37.321949960025925 33.39799302424057
decision_type=2 2 2 2 2 2
left_child=1 5 3 4 -2 -1
right_child=2 -3 -4 -5 -6 -7
leaf_value=0.00011011477090505649 3.1845402179637853e-06 0.0086086808597610805 -0.0036643407815559349 -0.0038306523393839597 -0.00057350294482603201 -0.00011286929851242651
leaf_weight=16.000000000000004 407 9.9999999999999982 10.999999999999998 9.9999999999999982 15.999999999999998 11.999999999999998
leaf_count=16 407 10 11 10 16 12
internal_value=0 0.00227616 -0.000194807 -0.000106666 -1.86287e-05 1.45502e-05
internal_weight=0 38 444 433 423 28
internal_count=482 38 444 433 423 28
is_linear=0
shrinkage=0.1


Tree=79
num_leaves=5
num_cat=0
split_feature=8 4 22 7
split_gain=0.0235924 0.0114685 0.000412785 0.000752412
threshold=1.1928182761087094 24.444454457450465 343.50500000000005 1.3375241529837947
decision_type=2 2 2 2
left_child=1 2 3 -1
right_child=-2 -3 -4 -5
leaf_value=-1.6123404031642362e-05 0.0045780048155310482 -0.0032979067330333317 0.00060485044978122462 -0.00062917330745092064
leaf_weight=429 10.999999999999998 10.999999999999998 9.9999999999999982 21
leaf_count=429 11 11 10 21
internal_value=0 -0.000106917 -3.0611e-05 -4.47324e-05
internal_weight=0 471 460 450
internal_count=482 471 460 450
is_linear=0
shrinkage=0.1


end of trees

feature_importances:
DHW_Heating_(kWh)=258
Indoor_Temperature_(C)=60
6h_Outdoor_Drybulb_Temperature_(C)=37
Equipment_Electric_Power_(kWh)=30
Cooling_Load_(kWh)=29
Hour=17
Average_Unmet_Cooling_Setpoint_Difference_(C)=15
24h_Outdoor_Drybulb_Temperature_(C)=11
Outdoor_Drybulb_Temperature_(C)=10
Indoor_Relative_Humidity_(%)=9
6h_Direct_Solar_Radiation_(W/m2)=8
24h_Outdoor_Relative_Humidity_(%)=7
Diffuse_Solar_Radiation_(W/m2)=6
6h_Outdoor_Relative_Humidity_(%)=6
12h_Outdoor_Relative_Humidity_(%)=6
12h_Outdoor_Drybulb_Temperature_(C)=5
kg_CO2/kWh=4
6h_Diffuse_Solar_Radiation_(W/m2)=4
Day_Type=3
Temperature_Set_Point_(C)=2
12h_Prediction_Electricity_Pricing__$/kWh_=2
Direct_Solar_Radiation_(W/m2)=2
24h_Diffuse_Solar_Radiation_(W/m2)=2
12h_Direct_Solar_Radiation_(W/m2)=2
24h_Direct_Solar_Radiation_(W/m2)=2
Solar_Generation_(W/kW)=1
Occupant_Count_(people)=1
12h_Diffuse_Solar_Radiation_(W/m2)=1

parameters:
[boosting: gbdt]
[objective: regression]
[metric: l2]
[tree_learner: serial]
[device_type: cpu]
[data: ]
[valid: ]
[num_iterations: 80]
[learning_rate: 0.1]
[num_leaves: 16]
[num_threads: 1]
[deterministic: 0]
[force_col_wise: 0]
[force_row_wise: 0]
[histogram_pool_size: -1]
[max_depth: 4]
[min_data_in_leaf: 10]
[min_sum_hessian_in_leaf: 0.001]
[bagging_fraction: 0.9]
[pos_bagging_fraction: 1]
[neg_bagging_fraction: 1]
[bagging_freq: 0]
[bagging_seed: 3]
[feature_fraction: 0.9]
[feature_fraction_bynode: 1]
[feature_fraction_seed: 2]
[extra_trees: 0]
[extra_seed: 6]
[early_stopping_round: 0]
[first_metric_only: 0]
[max_delta_step: 0]
[lambda_l1: 0]
[lambda_l2: 0]
[linear_lambda: 0]
[min_gain_to_split: 0]
[drop_rate: 0.1]
[max_drop: 50]
[skip_drop: 0.5]
[xgboost_dart_mode: 0]
[uniform_drop: 0]
[drop_seed: 4]
[top_rate: 0.2]
[other_rate: 0.1]
[min_data_per_group: 100]
[max_cat_threshold: 32]
[cat_l2: 10]
[cat_smooth: 10]
[max_cat_to_onehot: 4]
[top_k: 20]
[monotone_constraints: ]
[monotone_constraints_method: basic]
[monotone_penalty: 0]
[feature_contri: ]
[forcedsplits_filename: ]
[refit_decay_rate: 0.9]
[cegb_tradeoff: 1]
[cegb_penalty_split: 0]
[cegb_penalty_feature_lazy: ]
[cegb_penalty_feature_coupled: ]
[path_smooth: 0]
[interaction_constraints: ]
[verbosity: -1]
[saved_feature_importance_type: 0]
[linear_tree: 0]
[max_bin: 255]
[max_bin_by_feature: ]
[min_data_in_bin: 3]
[bin_construct_sample_cnt: 200000]
[data_random_seed: 1]
[is_enable_sparse: 1]
[enable_bundle: 1]
[use_missing: 1]
[zero_as_missing: 0]
[feature_pre_filter: 1]
[pre_partition: 0]
[two_round: 0]
[header: 0]
[label_column: ]
[weight_column: ]
[group_column: ]
[ignore_column: ]
[categorical_feature: ]
[forcedbins_filename: ]
[precise_float_parser: 0]
[parser_config_file: ]
[objective_seed: 5]
[num_class: 1]
[is_unbalance: 0]
[scale_pos_weight: 1]
[sigmoid: 1]
[boost_from_average: 1]
[reg_sqrt: 0]
[alpha: 0.9]
[fair_c: 1]
[poisson_max_delta_step: 0.7]
[tweedie_variance_power: 1.5]
[lambdarank_truncation_level: 30]
[lambdarank_norm: 1]
[label_gain: ]
[lambdarank_position_bias_regularization: 0]
[eval_at: ]
[multi_error_top_k: 1]
[auc_mu_weights: ]
[num_machines: 1]
[local_listen_port: 12400]
[time_out: 120]
[machine_list_filename: ]
[machines: ]
[gpu_platform_id: -1]
[gpu_device_id: -1]
[gpu_use_dp: 0]
[num_gpu: 1]

end of parameters

pandas_categorical:[]
