tree
version=v4
num_class=1
num_tree_per_iteration=1
label_index=0
max_feature_idx=35
objective=regression
feature_names=Month Hour Day_Type Daylight_Savings_Status Indoor_Temperature_(C) Average_Unmet_Cooling_Setpoint_Difference_(C) Indoor_Relative_Humidity_(%) Equipment_Electric_Power_(kWh) DHW_Heating_(kWh) Cooling_Load_(kWh) Heating_Load_(kWh) Solar_Generation_(W/kW) Occupant_Count_(people) Temperature_Set_Point_(C) HVAC_Mode_(Off/Cooling/Heating) kg_CO2/kWh Electricity_Pricing__$/kWh_ 6h_Prediction_Electricity_Pricing__$/kWh_ 12h_Prediction_Electricity_Pricing__$/kWh_ 24h_Prediction_Electricity_Pricing__$/kWh_ Outdoor_Drybulb_Temperature_(C) Outdoor_Relative_Humidity_(%) Diffuse_Solar_Radiation_(W/m2) Direct_Solar_Radiation_(W/m2) 6h_Outdoor_Drybulb_Temperature_(C) 12h_Outdoor_Drybulb_Temperature_(C) 24h_Outdoor_Drybulb_Temperature_(C) 6h_Outdoor_Relative_Humidity_(%) 12h_Outdoor_Relative_Humidity_(%) 24h_Outdoor_Relative_Humidity_(%) 6h_Diffuse_Solar_Radiation_(W/m2) 12h_Diffuse_Solar_Radiation_(W/m2) 24h_Diffuse_Solar_Radiation_(W/m2) 6h_Direct_Solar_Radiation_(W/m2) 12h_Direct_Solar_Radiation_(W/m2) 24h_Direct_Solar_Radiation_(W/m2)
feature_infos=none [1:24] [1:7] none [19.999913713398435:27.222233402985371] [-0.2386741579688198:0.35350276263234898] [46.463528256975707:67.854748901629137] [0.33485604895556981:7.4589685167779072] [0:4.565351196299142] [0:10.608548931041424] none [0:687.15852178569139] [0:3] [20:27.222222222222225] none [0.33751525247131398:0.54505021691256927] [0.028930000000000001:0.05867] [0.028930000000000001:0.05867] [0.028930000000000001:0.05867] [0.028930000000000001:0.05867] [21.379999999999999:40.32] [24.120000000000001:98.25] [0:408.69999999999999] [0:886.92999999999995] [21.385895012807637:40.448030901483051] [20.812239003382171:41.761423383460262] [20.947013524362529:40.33298102857114] [19.430299457014652:100] [18.750454935186248:100] [16.665542474905589:100] [0:448.59393372529718] [0:524.90876332100106] [0:486.88891634473225] [0:998.78608636720685] [0:1096.818864330259] [0:1148.8024499653848]
tree_sizes=1331 1376 1383 1387 1404 1427 1388 1410 1417 1421 1401 1406 1441 1325 1326 1213 1434 1247 1239 1350 1259 1268 1261 1150 1182 1049 1199 1182 1069 1199 1220 895 1326 1240 789 1238 977 977 864 865 1213 864 863 891 1012 901 720 909 1033 891 720 642 882 721 707 807 717 624 643 628 723 642 744 813 615 745 638 628 722 812 716 628 732 744 698 850 612 642 641 639

Tree=0
num_leaves=15
num_cat=0
split_feature=9 9 9 9 9 9 9 9 9 9 9 9 9 9
split_gain=934.61 213.35 147.823 35.7628 33.7732 27.5305 20.9651 5.21281 5.14093 4.14043 4.12849 2.63532 2.12878 1.22035
threshold=3.7036323731187832 1.9995618513729234 5.6118390259601414 2.8409704128885376 7.0483884579426892 0.95867432304703504 4.4333547542409608 3.2239592166671271 1.5400768439564076 5.0864724741407974 2.4314685079809304 0.51470381751823113 6.2398667656612741 4.0794947502470214
decision_type=2 2 2 2 2 2 2 2 2 2 2 2 2 2
left_child=1 5 6 10 12 11 13 -5 -7 -8 -3 -1 -4 -2
right_child=2 3 4 7 -6 8 9 -9 -10 -11 -12 -13 -14 -15
leaf_value=2.752713686955544 3.1173471642195243 2.9500054664109294 3.3256087216396191 3.02731907862163 3.5446989356801635 2.8577657998925172 3.202555026985225 3.0740151488812373 2.9044027800073566 3.2644721792134037 2.9885908349402692 2.8034342262756269 3.3766169726178772 3.1509619732027971
leaf_weight=20 27 57 18 45 11.999999999999998 60 27 51 39 18 54 21 14.999999999999998 18
leaf_count=20 27 57 18 45 12 60 27 51 39 18 54 21 15 18
internal_value=3.0298 2.94295 3.25305 3.00743 3.40104 2.8476 3.17906 3.05213 2.87614 3.22732 2.96878 2.77869 3.34879 3.13079
internal_weight=0 347 135 207 45 140 90 96 99 45 111 41 33 45
internal_count=482 347 135 207 45 140 90 96 99 45 111 41 33 45
is_linear=0
shrinkage=1


Tree=1
num_leaves=15
num_cat=0
split_feature=9 9 9 9 9 9 9 9 9 9 9 9 9 9
split_gain=757.654 154.143 140.663 31.6257 24.4002 20.5478 18.2536 3.69886 3.09768 2.94317 2.72275 2.53479 2.03663 1.97192
threshold=3.583257567914401 1.9313345573608798 5.4629831845412902 7.0483884579426892 2.7300157260613962 1.0478144086710011 4.4333547542409608 3.141315785933029 6.0758436534531155 1.4695313451945811 2.2913140223181974 0.6078313593329252 3.9981626258515317 4.935198344640491
decision_type=2 2 2 2 2 2 2 2 2 2 2 2 2 2
left_child=1 5 6 8 10 11 12 -6 -4 -7 -3 -1 -2 -8
right_child=2 4 3 -5 7 9 13 -9 -10 -11 -12 -13 -14 -15
leaf_value=-0.24603950251703677 0.06735814693901275 -0.083040294127586567 0.24732230504353844 0.46340801119804387 -0.0093444819001618912 -0.15663574139277142 0.15250309507052107 0.030223857345325608 0.30385564168294277 -0.12038774646463848 -0.049419986823248489 -0.19798611743109568 0.10496564954519272 0.19872262001037599
leaf_weight=23 36 39 18 11.999999999999998 54 48 24 42 21 42 63 21 24 14.999999999999998
leaf_count=23 36 39 18 12 54 48 24 42 21 42 63 21 24 15
internal_value=0 -0.084273 0.186524 0.321444 -0.0282183 -0.1671 0.11702 0.00796667 0.277763 -0.13972 -0.0622748 -0.223105 0.0824011 0.17028
internal_weight=0 332 150 51 198 134 99 96 39 90 102 44 60 39
internal_count=482 332 150 51 198 134 99 96 39 90 102 44 60 39
is_linear=0
shrinkage=0.1


Tree=2
num_leaves=15
num_cat=0
split_feature=9 9 9 9 9 9 9 9 9 9 9 9 9 9
split_gain=614.026 143.447 93.7671 22.9696 22.0527 20.0671 12.5579 3.34971 3.07733 2.99005 2.95347 2.33279 1.54123 0.988234
threshold=3.779012751494629 2.0600444956288348 5.6118390259601414 2.9028007148221779 7.0483884579426892 1.1350579143902708 4.6379930903251685 3.3312360475236025 0.66595707017730821 1.6575151282711023 2.5319473008132918 5.0864724741407974 6.3051963544310965 4.1219476869652381
decision_type=2 2 2 2 2 2 2 2 2 2 2 2 2 2
left_child=1 5 6 10 12 8 13 -5 -1 -7 -3 -8 -4 -2
right_child=2 3 4 7 -6 9 11 -9 -10 -11 -12 -13 -14 -15
leaf_value=-0.21865412776286786 0.074368182597336949 -0.059338505520965118 0.24242752052488781 0.0042813994045204978 0.41706720987955737 -0.13125147422154745 0.14208825131257374 0.04241742459791048 -0.17045307026969062 -0.094439223739835959 -0.026114665600988601 0.18971163895395068 0.28735280434290567 0.10461766719818116
leaf_weight=26 27 66 21 51 11.999999999999998 57 24 42 27 36 45 18 11.999999999999998 18
leaf_count=26 27 66 21 51 12 57 24 42 27 36 45 18 12 18
internal_value=0 -0.0693143 0.183788 -0.015155 0.300978 -0.144989 0.123172 0.0215041 -0.194099 -0.117002 -0.0458694 0.162498 0.258764 0.086468
internal_weight=0 350 132 204 45 146 87 93 53 93 111 42 33 45
internal_count=482 350 132 204 45 146 87 93 53 93 111 42 33 45
is_linear=0
shrinkage=0.1


Tree=3
num_leaves=15
num_cat=0
split_feature=9 9 9 9 9 9 9 9 9 9 9 9 9 9
split_gain=497.937 99.0515 95.5101 23.2886 16.5514 12.3954 9.55958 3.21013 2.36633 2.13113 1.86472 1.58765 0.960187 0.860379
threshold=3.5443808955766705 1.860061617188751 5.3320206116088764 7.0483884579426892 2.683064522218372 0.95867432304703504 4.2885305249541608 6.0015376422335587 3.1018861628301586 2.2514023842991016 1.3978590967854281 0.43710517837399876 3.889190702016017 4.8625990308160816
decision_type=2 2 2 2 2 2 2 2 2 2 2 2 2 2
left_child=1 5 6 7 9 11 12 -4 -6 -3 -7 -1 -2 -8
right_child=2 4 3 -5 8 10 13 -9 -10 -11 -12 -13 -14 -15
leaf_value=-0.20678278277902043 0.049748409489790597 -0.070412996837071015 0.19001979260217577 0.37536046902338666 -0.0093613792898530074 -0.13294993425026919 0.1164111782003332 0.24355656107266746 0.022287026207361903 -0.041332286146898121 -0.10351161248981953 -0.16683987031380337 0.075742387771606454 0.14859256545702618
leaf_weight=17 30 42 21 11.999999999999998 54 39 27 24 42 63 48 24 27 11.999999999999998
leaf_count=17 30 42 21 12 54 39 27 24 42 63 48 24 27 12
internal_value=0 -0.0693125 0.149044 0.251581 -0.0255261 -0.138071 0.0881636 0.218573 0.0044848 -0.0529646 -0.116708 -0.183402 0.0620613 0.126313
internal_weight=0 329 153 57 201 128 96 45 96 105 87 41 57 39
internal_count=482 329 153 57 201 128 96 45 96 105 87 41 57 39
is_linear=0
shrinkage=0.1


Tree=4
num_leaves=15
num_cat=0
split_feature=9 9 9 9 9 9 9 9 9 9 9 9 9 9
split_gain=403.493 85.9833 70.8265 15.5133 13.8801 11.6723 9.68144 2.2594 2.13181 1.68379 1.38383 1.28302 1.26127 0.843444
threshold=3.6319146607587851 1.9663546163085937 5.517689762139816 7.0483884579426892 2.7705647784696121 1.1909410589253289 4.4333547542409608 0.66595707017730821 3.183923593749848 2.3563288648777898 6.3051963544310965 5.0864724741407974 1.6004984900876946 3.9981626258515317
decision_type=2 2 2 2 2 2 2 2 2 2 2 2 2 2
left_child=1 5 6 10 9 7 13 -1 -6 -3 -4 -8 -7 -2
right_child=2 4 3 -5 8 12 11 -9 -10 -11 -12 -13 -14 -15
leaf_value=-0.17749307705805853 0.051399517953395847 -0.057006183639168741 0.19267118970553082 0.33782442013422648 -0.0045948971901203081 -0.10688863371809323 0.11356585092014737 -0.13721739371617636 0.025267094042566086 -0.031585924248946344 0.23426187435785928 0.15004234870274863 -0.081492395653869176 0.076550715416669857
leaf_weight=26 30 48 24 11.999999999999998 51 48 27 30 45 57 11.999999999999998 14.999999999999998 33 24
leaf_count=26 30 48 24 12 51 48 27 30 45 57 12 15 33 24
internal_value=0 -0.0597197 0.140175 0.239357 -0.0180797 -0.120812 0.0905845 -0.155917 0.00940291 -0.0432066 0.206535 0.126593 -0.096542 0.0625778
internal_weight=0 338 144 48 201 137 96 56 96 105 36 42 81 54
internal_count=482 338 144 48 201 137 96 56 96 105 36 42 81 54
is_linear=0
shrinkage=0.1


Tree=5
num_leaves=15
num_cat=0
split_feature=9 9 9 9 9 9 9 9 9 9 9 9 9 9
split_gain=327.293 66.4031 62.1238 15.6242 10.1829 7.87155 6.95759 1.68455 1.43022 1.34726 1.25992 1.00843 0.799104 0.595688
threshold=3.4879554085591278 5.3320206116088764 1.8205802055644764 6.6489014733917653 2.622608472384985 0.89271111997907537 4.2885305249541608 5.8864877481530113 3.0088675150870361 2.2161312860699796 1.3607705379660742 0.31231232785292518 3.8689109385340976 4.7758107720356353
decision_type=2 2 2 2 2 2 2 2 2 2 2 2 2 2
left_child=2 6 5 7 9 11 12 -3 -6 -4 -7 -1 -2 -8
right_child=1 3 4 -5 8 10 13 -9 -10 -11 -12 -13 -14 -15
leaf_value=-0.17650318362496117 0.037851609334801188 0.14573968966801962 -0.058706755013692949 0.29150438944498702 -0.011058882134510022 -0.10977680087089539 0.09256302416324616 0.18753612129776567 0.013400488884912598 -0.035354685932397843 -0.085578855375448862 -0.14058320787217882 0.060402016242345175 0.11796634435653686
leaf_weight=10.999999999999998 33 14.999999999999998 42 14.999999999999998 51 39 24 27 45 60 48 27 30 14.999999999999998
leaf_count=11 33 15 42 15 51 39 24 27 45 60 48 27 30 15
internal_value=0 0.117448 -0.0578152 0.203897 -0.0229694 -0.113011 0.0691389 0.172609 0.000406448 -0.0449702 -0.0964262 -0.150981 0.0485899 0.102334
internal_weight=0 159 323 57 198 125 102 42 96 102 87 38 63 39
internal_count=482 159 323 57 198 125 102 42 96 102 87 38 63 39
is_linear=0
shrinkage=0.1


Tree=6
num_leaves=15
num_cat=0
split_feature=9 9 9 9 9 9 9 9 9 9 9 9 9 9
split_gain=265.107 53.7865 50.3203 12.6936 8.27728 6.43837 5.66433 1.80667 1.38159 1.25538 1.00706 0.61235 0.570764 0.537349
threshold=3.4879554085591278 5.3320206116088764 1.8205802055644764 7.0483884579426892 2.6014054978328764 0.83644397961847816 4.2279978876930215 5.932656241888524 1.3074431353743978 3.0460097669473001 2.186777656183843 4.7160749933377799 0.31231232785292518 3.8127138523587885
decision_type=2 2 2 2 2 2 2 2 2 2 2 2 2 2
left_child=2 6 5 7 10 12 13 -3 -7 -6 -4 -8 -1 -2
right_child=1 3 4 -5 9 8 11 -9 -10 -11 -12 -13 -14 -15
leaf_value=-0.15885286547920921 0.033045321504275006 0.13459808362854853 -0.053628528576630807 0.27489154736200966 -0.0098925799268232504 -0.10483201417055997 0.078316374052138565 0.1754984732027407 -0.079357890884081531 0.012892123577850207 -0.0329871799548467 0.10246570649601164 -0.13073402302605766 0.051972359518210103
leaf_weight=10.999999999999998 30 18 39 11.999999999999998 57 33 21 27 60 42 60 21 21 30
leaf_count=11 30 18 39 12 57 33 21 27 60 42 60 21 21 30
internal_value=0 0.105704 -0.0520337 0.183507 -0.0206725 -0.10171 0.062225 0.159138 -0.0883971 -0.000226342 -0.0411186 0.090391 -0.1404 0.0425088
internal_weight=0 159 323 57 198 125 102 45 93 99 99 42 32 60
internal_count=482 159 323 57 198 125 102 45 93 99 99 42 32 60
is_linear=0
shrinkage=0.1


Tree=7
num_leaves=15
num_cat=0
split_feature=9 9 9 9 9 9 9 9 9 9 9 9 9 9
split_gain=214.821 48.2019 35.5179 7.81118 7.16346 6.75977 5.75085 1.29625 1.22901 1.00067 0.964604 0.940722 0.508756 0.457051
threshold=3.6770134884858816 2.1067405105012793 5.8864877481530113 1.1909410589253289 7.0483884579426892 2.9263586898606788 4.6379930903251685 0.43710517837399876 1.680431079064886 2.4755495827513783 5.1734936496521939 3.3312360475236025 6.3051963544310965 4.1219476869652381
decision_type=2 2 2 2 2 2 2 2 2 2 2 2 2 2
left_child=1 3 6 7 12 9 13 -1 -5 -3 -8 -7 -4 -2
right_child=2 5 4 8 -6 11 10 -9 -10 -11 -12 -13 -14 -15
leaf_value=-0.13707978164448459 0.041864951090379195 -0.03463077299427568 0.14535094632042775 -0.076400090518750643 0.24740239381790163 0.0031332861444146455 0.085949056236832244 -0.10399098549133692 -0.05336212615172068 -0.015349514753210778 0.11583470304807027 0.02451775707304478 0.17193300823370616 0.061674476994408506
leaf_weight=17 33 57 18.000000000000004 57 11.999999999999998 48 27 39 39 51 18 36 11.999999999999998 18
leaf_count=17 33 57 18 57 12 48 27 39 39 51 18 36 12 18
internal_value=0 -0.0422839 0.105403 -0.0843548 0.182103 -0.00897782 0.0718472 -0.114036 -0.0670409 -0.0255257 0.0979033 0.0122981 0.155984 0.0488565
internal_weight=0 344 138 152 42 192 96 56 96 108 45 84 30 51
internal_count=482 344 138 152 42 192 96 56 96 108 45 84 30 51
is_linear=0
shrinkage=0.1


Tree=8
num_leaves=15
num_cat=0
split_feature=9 9 9 6 9 9 9 9 9 9 9 9 9 9
split_gain=174.147 34.362 33.8855 7.22755 5.28819 5.22484 4.71573 0.804909 0.795223 0.792013 0.705834 0.659675 0.62912 0.481983
threshold=3.5083579586036691 5.517689762139816 1.8996203234042068 60.219075067585386 2.6444711125010172 4.3764009799558572 1.0743857556257013 3.0671412268180007 0.37128067703291445 6.1574605403144052 4.8625990308160816 2.3247499676185961 1.4957109480362136 3.9140915266387597
decision_type=2 2 2 2 2 2 2 2 2 2 2 2 2 2
left_child=2 5 6 9 11 13 8 -6 -1 -3 -7 -4 -8 -2
right_child=1 3 4 -5 7 10 12 -9 -10 -11 -12 -13 -14 -15
leaf_value=-0.12625053269522532 0.029439575721820196 0.12045678272843362 -0.039785824840267499 0.23293415188789368 -0.0065075196869050465 0.069913335144519806 -0.074217990040779114 0.011950606733028378 -0.097807736469037621 0.14969740076498553 0.095017304023106902 -0.023452416559060416 -0.056730213430192737 0.047114314966731602
leaf_weight=13.999999999999998 36 15.999999999999998 48 9.9999999999999982 54 24 48 42 33 22 21 51 36 27
leaf_count=14 36 16 48 10 54 24 48 42 33 22 21 51 36 27
internal_value=0 0.0868922 -0.0415803 0.157292 -0.0151552 0.0556037 -0.0809154 0.00156791 -0.10628 0.137386 0.0816285 -0.0313716 -0.0667232 0.0370145
internal_weight=0 156 326 48 195 108 131 96 47 38 45 99 84 63
internal_count=482 156 326 48 195 108 131 96 47 38 45 99 84 63
is_linear=0
shrinkage=0.1


Tree=9
num_leaves=15
num_cat=0
split_feature=9 9 9 9 9 9 9 9 9 9 9 9 9 9
split_gain=141.237 30.9945 25.0674 7.66912 4.0889 3.45978 3.28944 0.687911 0.633783 0.596569 0.471935 0.388909 0.337646 0.303531
threshold=3.417406071933168 5.3320206116088764 1.7725036003599139 6.6489014733917653 2.5319473008132918 4.2279978876930215 0.83644397961847816 5.8864877481530113 2.943155467732153 1.2778575735929316 2.1461411127269296 3.8127138523587885 4.7553426698508554 0.31231232785292518
decision_type=2 2 2 2 2 2 2 2 2 2 2 2 2 2
left_child=2 5 6 7 10 11 13 -3 -6 -8 -4 -2 -7 -1
right_child=1 3 4 -5 8 12 9 -9 -10 -11 -12 -13 -14 -15
leaf_value=-0.1166345482522791 0.022866717706888154 0.094853284756342582 -0.041070236762364709 0.19532259821891784 -0.011578474551731464 0.058089313656091691 -0.077094749609629309 0.12156263987223309 0.0041867525720804492 -0.059672996663210687 -0.026634014784185974 0.038011249105135599 0.076207453012466439 -0.096129027434757777
leaf_weight=10.999999999999998 39 14.999999999999998 39 14.999999999999998 51 24 30 27 51 57 54 30 18 21
leaf_count=11 39 15 39 15 51 24 30 27 51 57 54 30 18 21
internal_value=0 0.074005 -0.0395951 0.133944 -0.0175228 0.0432254 -0.0757638 0.112024 -0.00369586 -0.0656805 -0.0326879 0.0294513 0.0658542 -0.103178
internal_weight=0 168 314 57 195 111 119 42 102 87 93 69 42 32
internal_count=482 168 314 57 195 111 119 42 102 87 93 69 42 32
is_linear=0
shrinkage=0.1


Tree=10
num_leaves=15
num_cat=0
split_feature=9 9 9 6 9 9 9 9 9 9 9 9 9 9
split_gain=114.427 24.4756 20.7919 6.42323 3.51109 2.67277 2.66445 0.880765 0.509288 0.489302 0.452281 0.339152 0.24586 0.235993
threshold=3.4427940974765865 5.3320206116088764 1.7725036003599139 60.219075067585386 2.574614267897485 4.1844661011092237 0.83644397961847816 6.0758436534531155 2.9779420978063893 1.3237829894139319 2.1757825890427331 4.672320016570338 0.31231232785292518 3.779012751494629
decision_type=2 2 2 2 2 2 2 2 2 2 2 2 2 2
left_child=2 5 6 7 10 13 12 -3 -6 -8 -4 -7 -1 -2
right_child=1 3 4 -5 8 11 9 -9 -10 -11 -12 -13 -14 -15
leaf_value=-0.10497108914635399 0.020423618184797696 0.09108195849086928 -0.036488247982093262 0.19332596838474275 -0.0085287568314621857 0.047535889347394306 -0.068038565748267707 0.11846674631039303 0.0058756764055417285 -0.05281165756431281 -0.02281222228418317 0.065256763829125305 -0.086516124577749348 0.032678318421045939
leaf_weight=10.999999999999998 33 23 42 9.9999999999999982 54 18 36 24 45 51 57 27 21 30
leaf_count=11 33 23 42 10 54 18 36 24 45 51 57 27 21 30
internal_value=0 0.0675349 -0.0351522 0.12055 -0.0152977 0.0395547 -0.0681874 0.105066 -0.00198129 -0.0591124 -0.0286142 0.0581684 -0.09286 0.0262592
internal_weight=0 165 317 57 198 108 119 47 99 87 99 45 32 63
internal_count=482 165 317 57 198 108 119 47 99 87 99 45 32 63
is_linear=0
shrinkage=0.1


Tree=11
num_leaves=15
num_cat=0
split_feature=9 9 9 6 9 9 9 9 9 9 9 9 9 9
split_gain=92.7445 19.4025 17.1662 4.01833 3.29067 2.89246 2.62614 0.604474 0.510656 0.412961 0.379741 0.324191 0.293632 0.216529
threshold=3.6160570828251628 2.0783722255279735 5.8864877481530113 59.510637423015567 1.1909410589253289 4.6379930903251685 2.8156836376790384 0.51470381751823113 1.6004984900876946 3.2723358682055728 4.935198344640491 2.3951908609178409 4.0374701175328367 6.3908005089353113
decision_type=2 2 2 2 2 2 2 2 2 2 2 2 2 2
left_child=1 4 5 13 7 12 11 -1 -6 -8 -7 -3 -2 -4
right_child=2 6 3 -5 8 10 9 -9 -10 -11 -12 -13 -14 -15
leaf_value=-0.089036324322223664 0.024520941947897279 -0.025322940129609336 0.095232955497853905 0.17558252692222598 -0.05158897421012322 0.053951060346194679 -0.00022802960765720519 -0.067353455391195083 -0.036761104795667861 0.013971059927434632 0.072364501655101776 -0.013744341529775085 0.0388006949176391 0.11171696424484252
leaf_weight=20 36 42 17 9.9999999999999982 48 21 54 36 45 33 24 57 24 14.999999999999998
leaf_count=20 36 42 17 10 48 21 54 36 45 33 24 57 24 15
internal_value=0 -0.0290574 0.0662193 0.120251 -0.0559461 0.0446066 -0.00751752 -0.0750973 -0.0444142 0.00515783 0.0637716 -0.0186565 0.0302328 0.10296
internal_weight=0 335 147 42 149 105 186 56 93 87 45 99 60 32
internal_count=482 335 147 42 149 105 186 56 93 87 45 99 60 32
is_linear=0
shrinkage=0.1


Tree=12
num_leaves=15
num_cat=0
split_feature=9 9 9 9 9 9 9 9 9 9 9 9 9 9
split_gain=75.178 16.5238 13.358 4.7183 2.1927 2.10081 1.78477 0.344263 0.329125 0.295801 0.264828 0.243558 0.185362 0.170543
threshold=3.417406071933168 5.402342127039411 1.7725036003599139 6.6489014733917653 2.5319473008132918 4.3764009799558572 0.83644397961847816 2.9651162019955701 1.4125429918239751 3.9579103898514467 6.1574605403144052 2.1461411127269296 4.8625990308160816 0.31231232785292518
decision_type=2 2 2 2 2 2 2 2 2 2 2 2 2 2
left_child=2 5 6 10 11 9 13 -6 -8 -2 -3 -4 -7 -1
right_child=1 3 4 -5 7 12 8 -9 -10 -11 -12 -13 -14 -15
leaf_value=-0.085570348934693785 0.018310485853284014 0.074713255961736044 -0.029902235514078387 0.14722297449906668 -0.0078116515422599359 0.045782624930143359 -0.053030653151811338 0.003888768753968179 -0.040542342927720812 0.031773417815566064 0.091651275952657069 -0.019531397811240622 0.059953325192133589 -0.070199900865554818
leaf_weight=10.999999999999998 51 24 39 14.999999999999998 57 24 51 45 36 24 14.999999999999998 54 14.999999999999998 21
leaf_count=11 51 24 39 15 57 24 51 45 36 24 15 54 15 21
internal_value=0 0.0539923 -0.0288876 0.0995598 -0.0127751 0.0324077 -0.0552904 -0.0026497 -0.0478631 0.0226186 0.0812279 -0.0238805 0.0512329 -0.0754835
internal_weight=0 168 314 54 195 114 119 102 87 75 39 93 39 32
internal_count=482 168 314 54 195 114 119 102 87 75 39 93 39 32
is_linear=0
shrinkage=0.1


Tree=13
num_leaves=14
num_cat=0
split_feature=9 9 9 9 13 9 9 9 9 9 9 9 9
split_gain=61.0218 13.3526 10.7018 3.47349 2.38102 2.10282 2.04726 0.465764 0.32948 0.329404 0.321804 0.319129 0.267685
threshold=3.6496670497194108 2.034756797210322 6.3908005089353113 4.8625990308160816 23.583333333333339 2.8156836376790384 1.0983899428541122 4.1844661011092237 1.6004984900876946 3.2919851153480244 5.8864877481530113 0.51470381751823113 2.3831553875723346
decision_type=2 2 2 2 2 2 2 2 2 2 2 2 2
left_child=1 6 3 7 -4 12 11 -2 -8 -7 -5 -1 -3
right_child=2 5 4 10 -6 9 8 -9 -10 -11 -12 -13 -14
leaf_value=-0.072267327010631571 0.02251849086620869 -0.021592050161626603 0.1565058353543281 0.057424441752610383 0.089084956049919131 0.00015736705247770277 -0.042449463903903965 0.038660589582992323 -0.030387247831393512 0.012375853138251437 0.073929798886889511 -0.055959646900494903 -0.01138913182541728
leaf_weight=20 39 45 10.000000000000002 27 10.999999999999998 57 54 33 39 36 21 30 60
leaf_count=20 39 45 10 27 11 57 54 33 39 36 21 30 60
internal_value=0 -0.0228798 0.0553333 0.0438084 0.12119 -0.00606308 -0.0461644 0.029917 -0.0373911 0.0048871 0.0646455 -0.0624827 -0.0157618
internal_weight=0 341 141 120 21 198 143 72 93 93 48 50 105
internal_count=482 341 141 120 21 198 143 72 93 93 48 50 105
is_linear=0
shrinkage=0.1


Tree=14
num_leaves=14
num_cat=0
split_feature=9 9 9 9 9 13 9 9 9 9 9 9 9
split_gain=49.4742 11.352 8.2813 2.52361 1.95429 1.92862 1.59072 0.374543 0.325651 0.282889 0.260661 0.253569 0.19512
threshold=3.7036323731187832 2.1219333975664649 6.3908005089353113 4.8625990308160816 1.2428821323317385 23.583333333333339 2.9028007148221779 0.75258526456234065 4.3764009799558572 1.7087218083313092 5.8864877481530113 3.2919851153480244 2.4599318050920642
decision_type=2 2 2 2 2 2 2 2 2 2 2 2 2
left_child=1 4 3 8 7 -4 12 -1 -2 -6 -5 -8 -3
right_child=2 6 5 10 9 -7 11 -9 -10 -11 -12 -13 -14
leaf_value=-0.06254081726074219 0.022736107061306635 -0.016655818270701988 0.14085525222122663 0.051681997157909255 -0.035801375696533605 0.08017646128481086 0.00099281544650769624 -0.046603428026040394 0.037338303774595259 -0.024748532741497728 0.066536818799518407 0.011632390391258967 -0.007908383689309453
leaf_weight=29 42 51 10.000000000000002 27 57 10.999999999999998 48 30 24 39 21 42 51
leaf_count=29 42 51 10 27 57 11 48 30 24 39 21 42 51
internal_value=0 -0.0199833 0.0513646 0.0407344 -0.0401139 0.109071 -0.00373208 -0.0544371 0.028046 -0.0313112 0.058181 0.00595795 -0.0122821
internal_weight=0 347 135 114 155 21 192 59 66 96 48 90 102
internal_count=482 347 135 114 155 21 192 59 66 96 48 90 102
is_linear=0
shrinkage=0.1


Tree=15
num_leaves=13
num_cat=0
split_feature=9 9 9 9 9 9 9 9 9 9 9 9
split_gain=40.0784 9.41267 6.64031 2.14981 1.58297 1.3607 0.382743 0.30338 0.257636 0.234018 0.130242 0.124725
threshold=3.779012751494629 2.1219333975664649 6.495777510162303 5.1734936496521939 1.2428821323317385 2.9918314666471475 4.4333547542409608 0.75258526456234065 2.5595293085801676 1.6347688940038252 3.3852440978222109 5.8864877481530113
decision_type=2 2 2 2 2 2 2 2 2 2 2 2
left_child=1 4 3 6 7 8 -2 -1 -3 -6 -7 -5
right_child=2 5 -4 11 9 10 -8 -9 -10 -11 -12 -13
leaf_value=-0.056286735164708106 0.021392007775249938 -0.014325311668217183 0.1033994276283516 0.049729861981338927 -0.033117339822153251 0.0031411149252057336 0.036180871675411862 -0.041943085988362633 -0.0050582293929376954 -0.023242745734751227 0.011482211221487095 0.060741682226459183
leaf_weight=29 42 60 18 18 48 36 30 30 60 48 39 24
leaf_count=29 42 60 18 18 48 36 30 30 60 48 39 24
internal_value=0 -0.0177086 0.0469547 0.0380424 -0.0361025 -0.00308783 0.027554 -0.0489934 -0.00969177 -0.02818 0.00747848 0.0560223
internal_weight=0 350 132 114 155 195 72 59 120 96 75 42
internal_count=482 350 132 114 155 195 72 59 120 96 75 42
is_linear=0
shrinkage=0.1


Tree=16
num_leaves=15
num_cat=0
split_feature=9 9 9 6 9 9 9 9 9 9 9 9 9 28
split_gain=32.4903 6.49759 6.32326 2.38729 1.13738 1.08489 0.936022 0.20272 0.164268 0.145591 0.144115 0.143092 0.139919 0.0899536
threshold=3.5443808955766705 1.8996203234042068 5.8864877481530113 59.510637423015567 4.6379930903251685 2.7480528545472649 0.89271111997907537 1.4125429918239751 2.3351397948061128 0.31231232785292518 5.1734936496521939 3.183923593749848 3.9579103898514467 79.959267770852549
decision_type=2 2 2 2 2 2 2 2 2 2 2 2 2 2
left_child=1 6 4 13 12 8 9 -8 -3 -1 -6 -7 -2 -4
right_child=2 5 3 -5 10 11 7 -9 -10 -11 -12 -13 -14 -15
leaf_value=-0.057903826778585271 0.013005235232412815 -0.017154554496793189 0.052149247688551753 0.11376964077353478 0.033205273305928269 -0.0014212668413199061 -0.034401132596863643 -0.025058634579181671 -0.0093424805489025608 -0.044255455445360255 0.044756874773237448 0.0067179249651316136 0.022252196222543718 0.062773884043974035
leaf_weight=10.999999999999998 36 51 14.999999999999998 9.9999999999999982 27 54 45 48 57 27 18 36 30 17
leaf_count=11 36 51 15 10 27 54 45 48 57 27 18 36 30 17
internal_value=0 -0.0177052 0.038072 0.0711212 0.0255669 -0.00627428 -0.0349825 -0.0295792 -0.0130315 -0.0482063 0.0378259 0.00183441 0.0172084 0.0577936
internal_weight=0 329 153 42 111 198 131 93 108 38 45 90 66 32
internal_count=482 329 153 42 111 198 131 93 108 38 45 90 66 32
is_linear=0
shrinkage=0.1


Tree=17
num_leaves=13
num_cat=0
split_feature=9 9 9 9 9 9 35 9 9 9 9 9
split_gain=26.3281 6.04917 4.79029 1.4193 0.970302 0.938824 0.226181 0.213953 0.148601 0.142402 0.130976 0.11647
threshold=3.7036323731187832 2.0783722255279735 6.495777510162303 4.7758107720356353 1.2428821323317385 2.8553566110064676 29.317525852257216 0.37128067703291445 4.1844661011092237 3.3852440978222109 1.6347688940038252 2.4056500337112121
decision_type=2 2 2 2 2 2 2 2 2 2 2 2
left_child=1 4 3 8 7 11 -5 -1 -2 -7 -6 -3
right_child=2 5 -4 6 10 9 -8 -9 -10 -11 -12 -13
leaf_value=-0.050561076189790458 0.01525390042048512 -0.013450258771578473 0.085495418051464697 0.03200411638244987 -0.026832617570956549 0.0010828334155998994 0.046177489349716591 -0.03640590541892582 0.024978331923484805 0.0091164388072987393 -0.01918595245196706 -0.0067201987514272339
leaf_weight=13.999999999999998 33 45 18 15.999999999999998 48 57 38 45 30 36 42 60
leaf_count=14 33 45 18 16 48 57 38 45 30 36 42 60
internal_value=0 -0.0145777 0.03747 0.0300815 -0.029798 -0.00312404 0.041978 -0.0397648 0.0198846 0.00419262 -0.0232642 -0.00960451
internal_weight=0 347 135 117 149 198 54 59 63 93 90 105
internal_count=482 347 135 117 149 198 54 59 63 93 90 105
is_linear=0
shrinkage=0.1


Tree=18
num_leaves=13
num_cat=0
split_feature=9 9 9 9 9 9 9 9 9 32 9 9
split_gain=21.3479 5.26238 3.62912 0.982345 0.957568 0.695862 0.193243 0.166156 0.15809 0.120541 0.100091 0.0776169
threshold=3.8689109385340976 2.2161312860699796 6.495777510162303 1.2778575735929316 5.1734936496521939 2.9918314666471475 0.75258526456234065 4.4333547542409608 1.7087218083313092 72.258518653456562 2.6444711125010172 3.3852440978222109
decision_type=2 2 2 2 2 2 2 2 2 2 2 2
left_child=1 3 4 6 7 10 -1 -2 -5 -6 -3 -7
right_child=2 5 -4 8 9 11 -8 -9 -10 -11 -12 -13
leaf_value=-0.041390875392946704 0.016354485787451269 -0.0089194445501244255 0.076945878586007488 -0.0233318608392168 0.032248560281900256 0.0024538871512049809 -0.030201865326274526 0.026431188881397252 -0.015568218131860099 0.043836911998946099 -0.002744487901735637 0.0086835316071907694
leaf_weight=29 36 63 18 54 12.999999999999998 36 33 30 51 29 45 45
leaf_count=29 36 63 18 54 13 36 33 30 51 29 45 45
internal_value=0 -0.0125203 0.0353748 -0.0254545 0.0284463 -0.00109168 -0.0354354 0.0209348 -0.0195609 0.04025 -0.00634655 0.0059148
internal_weight=0 356 126 167 108 189 62 66 105 42 108 81
internal_count=482 356 126 167 108 189 62 66 105 42 108 81
is_linear=0
shrinkage=0.1


Tree=19
num_leaves=14
num_cat=0
split_feature=9 9 9 29 9 9 9 9 9 9 9 9 9
split_gain=17.3045 3.53511 3.47657 1.32953 1.15206 0.651182 0.455352 0.127585 0.124601 0.109938 0.0951793 0.0911384 0.0569039
threshold=3.5443808955766705 6.3908005089353113 1.7931174242024073 40.916055365593969 4.7160749933377799 2.683064522218372 0.75258526456234065 5.402342127039411 4.0374701175328367 1.3375258032265795 2.301646212090585 3.183923593749848 0.31231232785292518
decision_type=2 2 2 2 2 2 2 2 2 2 2 2 2
left_child=2 4 6 -3 8 10 12 -6 -2 -8 -4 -7 -1
right_child=1 3 5 -5 7 11 9 -9 -10 -11 -12 -13 -14
leaf_value=-0.04291824861006302 0.0099647064471528653 0.04190366721966049 -0.013254038492838542 0.092284085601568228 0.0268905533477664 -0.0013851295078832968 -0.026450725164678363 0.036472965844652872 0.018175973743200301 -0.019570732365051906 -0.0073953756082214819 0.0049792979598148835 -0.033788952065838707
leaf_weight=11.000000000000002 42 11.000000000000002 54 9.9999999999999982 24 60 45 33 33 48 57 36 18
leaf_count=11 42 11 54 10 24 60 45 33 33 48 57 36 18
internal_value=0 0.0277849 -0.0129212 0.0658943 0.021722 -0.0050295 -0.0263113 0.0324383 0.0135777 -0.0228998 -0.0102455 0.00100153 -0.0372518
internal_weight=0 153 329 21 132 207 122 57 75 93 111 96 29
internal_count=482 153 329 21 132 207 122 57 75 93 111 96 29
is_linear=0
shrinkage=0.1


Tree=20
num_leaves=13
num_cat=0
split_feature=9 9 9 9 9 9 9 21 9 9 9 9
split_gain=14.0323 3.38266 2.46352 0.669462 0.568744 0.512216 0.113682 0.108147 0.10117 0.0910361 0.0767237 0.0621932
threshold=3.8127138523587885 2.1219333975664649 6.495777510162303 4.935198344640491 1.0983899428541122 2.9511323111031094 1.5123545229795436 51.965000000000011 0.31231232785292518 4.2885305249541608 2.4755495827513783 3.3852440978222109
decision_type=2 2 2 2 2 2 2 2 2 2 2 2
left_child=1 4 3 9 8 10 -6 -5 -1 -2 -3 -7
right_child=2 5 -4 7 6 11 -8 -9 -10 -11 -12 -13
leaf_value=-0.038626422936266121 0.012256884507157586 -0.0088573916366806744 0.062541903094905954 0.034297734209232864 -0.020784029023100933 0.0015086647210318916 -0.01417886953343425 0.023335833971699083 -0.027767638327219547 0.019868197813630105 -0.0035973172075229516 0.0068592379579231859
leaf_weight=10.999999999999998 33 54 18 36 48 45 57 11.999999999999998 39 30 57 42
leaf_count=11 33 54 18 36 48 45 57 12 39 30 57 42
internal_value=0 -0.0103145 0.028225 0.0226601 -0.0213784 -0.00165338 -0.0171984 0.0315573 -0.0301566 0.0158813 -0.00615627 0.0040917
internal_weight=0 353 129 111 155 198 105 48 50 63 111 87
internal_count=482 353 129 111 155 198 105 48 50 63 111 87
is_linear=0
shrinkage=0.1


Tree=21
num_leaves=13
num_cat=0
split_feature=9 9 9 9 9 9 21 9 9 9 30 9
split_gain=11.377 2.50781 2.18178 0.757869 0.419416 0.38955 0.139488 0.0880533 0.0822699 0.0649085 0.0645571 0.0521648
threshold=3.6496670497194108 1.9995618513729234 6.6489014733917653 4.7758107720356353 2.7865912322997812 0.95867432304703504 42.870000000000005 1.4479586409381058 4.1219476869652381 3.2619723069093634 237.84454258460448 2.3831553875723346
decision_type=2 2 2 2 2 2 2 2 2 2 2 2
left_child=1 5 3 8 11 10 -5 -7 -2 -6 -1 -3
right_child=2 4 -4 6 9 7 -8 -9 -10 -11 -12 -13
leaf_value=-0.025177090287208562 0.0092454222858779963 -0.0095188792639722426 0.059944869702061025 0.032352019440044059 -0.00023804173478209932 -0.020027122067080606 0.022332593860725562 -0.014037667339046798 0.016157950065804252 0.0050035703018130291 -0.033311645500361919 -0.0050445765207864741
leaf_weight=25 36 48 14.999999999999998 33 54 45 24 54 33 42 15.999999999999998 57
leaf_count=25 36 48 15 33 54 45 24 54 33 42 16 57
internal_value=0 -0.00987924 0.0238923 0.0196004 -0.00272215 -0.0201548 0.0281333 -0.0167601 0.0125514 0.00205516 -0.0283516 -0.00708997
internal_weight=0 341 141 126 201 140 57 99 69 96 41 105
internal_count=482 341 141 126 201 140 57 99 69 96 41 105
is_linear=0
shrinkage=0.1


Tree=22
num_leaves=13
num_cat=0
split_feature=9 9 9 9 9 9 9 6 9 9 9 9
split_gain=9.23039 2.38491 1.53413 0.432393 0.414139 0.338734 0.110566 0.0849829 0.0568323 0.0530382 0.050821 0.0292971
threshold=3.9140915266387597 2.2161312860699796 6.6489014733917653 1.3332309200212014 5.1734936496521939 3.0460097669473001 0.43710517837399876 56.570174714255721 4.6379930903251685 1.7087218083313092 2.5900821917627534 3.4512355069709204
decision_type=2 2 2 2 2 2 2 2 2 2 2 2
left_child=1 3 4 6 8 10 -1 -6 -2 -5 -3 -7
right_child=2 5 -4 9 7 11 -8 -9 -10 -11 -12 -13
leaf_value=-0.029688386882052706 0.0115390179057916 -0.006194883378015624 0.053950382880866538 -0.014864658100737466 0.029783437587320806 0.0025148030083913071 -0.020440989677552826 0.02019549390444389 0.017725366740315048 -0.010154465965780558 -0.0019662373653651834 0.0063210566217700645
leaf_weight=17 33 54 14.999999999999998 45 32 39 54 12.999999999999998 27 51 60 42
leaf_count=17 33 54 15 45 32 39 54 13 27 51 60 42
internal_value=0 -0.00796751 0.0240353 -0.0167383 0.0197618 -0.000456083 -0.0226552 0.0270136 0.0143229 -0.0123624 -0.00396928 0.00448842
internal_weight=0 362 120 167 105 195 71 45 60 96 114 81
internal_count=482 362 120 167 105 195 71 45 60 96 114 81
is_linear=0
shrinkage=0.1


Tree=23
num_leaves=12
num_cat=0
split_feature=9 9 6 6 9 9 9 9 9 9 9
split_gain=7.47661 1.93178 1.48807 0.362639 0.371069 0.354047 0.275267 0.0768979 0.05652 0.0447369 0.0204167
threshold=3.9140915266387597 2.2161312860699796 62.284256495887846 58.658861234079971 5.8864877481530113 1.2778575735929316 3.0671412268180007 0.75258526456234065 1.7087218083313092 2.683064522218372 3.4512355069709204
decision_type=2 2 2 2 2 2 2 2 2 2 2
left_child=1 5 3 4 -2 7 9 -1 -7 -3 -8
right_child=2 6 -4 -5 -6 8 10 -9 -10 -11 -12
leaf_value=-0.024813311161666081 0.014989552588055009 -0.0051970942411571743 0.048140312379433052 0.0036210084662717935 0.029047442600131035 -0.01378111261184569 0.0024435838542154267 -0.01775505913026405 -0.0091390193677416045 -0.0012537129671317433 0.0056889509693497705
leaf_weight=29 57 66 18 17 28 54 36 33 51 51 42
leaf_count=29 57 66 18 17 28 54 36 33 51 51 42
internal_value=0 -0.00717076 0.0216318 0.0169538 0.0196204 -0.0150645 -0.000410475 -0.0210565 -0.0115264 -0.00347818 0.00419109
internal_weight=0 362 120 102 85 167 195 62 105 117 78
internal_count=482 362 120 102 85 167 195 62 105 117 78
is_linear=0
shrinkage=0.1


Tree=24
num_leaves=12
num_cat=0
split_feature=9 9 6 9 9 9 9 9 9 9 9
split_gain=6.09941 1.66864 1.62619 0.324191 0.320629 0.273831 0.224308 0.0943866 0.0316227 0.0239076 0.0170823
threshold=4.0374701175328367 2.301646212090585 62.284256495887846 6.6489014733917653 1.4125429918239751 5.8864877481530113 3.1018861628301586 0.75258526456234065 2.7480528545472649 1.7931174242024073 3.4512355069709204
decision_type=2 2 2 2 2 2 2 2 2 2 2
left_child=1 4 3 5 7 -2 8 -1 -3 -6 -8
right_child=2 6 -4 -5 9 -7 10 -9 -10 -11 -12
leaf_value=-0.022331980127712776 0.014252166299810333 -0.0042054459208711271 0.051186473170916236 -0.0012604068964719773 -0.011066748985113242 0.026832412555813791 0.002344223218405563 -0.015259066417261406 -0.00079846352188421099 -0.0078175230227686739 0.0052641414251981995
leaf_weight=29 62 63 14.999999999999998 9.9999999999999982 39 24 33 54 48 54 51
leaf_count=29 62 63 15 10 39 24 33 54 48 54 51
internal_value=0 -0.00615311 0.0205658 0.0157813 -0.0132123 0.0177629 0.000218263 -0.0177303 -0.00273216 -0.0091801 0.00411703
internal_weight=0 371 111 96 176 86 195 83 111 93 84
internal_count=482 371 111 96 176 86 195 83 111 93 84
is_linear=0
shrinkage=0.1


Tree=25
num_leaves=10
num_cat=0
split_feature=21 4 4 13 5 30 4 21 5
split_gain=2.01628 2.35476 0.854596 0.48239 0.275819 0.252641 0.341798 0.198155 0.054599
threshold=44.000000000000007 24.390759044900218 20.456122844087123 25.027777777777782 3.9985006695886234e-05 1.0000000180025095e-35 26.257666862808865 67.095000000000013 5.6024788133157708e-06
decision_type=2 2 2 2 2 2 2 2 2
left_child=1 -1 -2 4 -4 6 -3 -5 -7
right_child=2 5 3 7 -6 8 -8 -9 -10
leaf_value=0.055115233497186146 0.023613117313520476 0.013758148541393015 -0.0052838576208907063 -0.0067079872096136185 0.0012136771064712713 -0.0032586919482918866 -0.0011311612546532639 -0.018227222724817693 0.0050622390195106471
leaf_weight=10.999999999999998 10.999999999999998 58 185 28 101 23 21 32 11.999999999999998
leaf_count=11 11 58 185 28 101 23 21 32 12
internal_value=0 0.0109303 -0.00382712 -0.0046995 -0.00298927 0.0066668 0.00980023 -0.0128516 -0.000405801
internal_weight=0 125 357 346 286 114 79 60 35
internal_count=482 125 357 346 286 114 79 60 35
is_linear=0
shrinkage=0.1


Tree=26
num_leaves=12
num_cat=0
split_feature=9 6 9 9 9 9 9 9 9 9 9
split_gain=4.37685 1.65923 1.28633 0.315736 0.230744 0.181459 0.159812 0.0706404 0.0217555 0.018735 0.0170008
threshold=4.1844661011092237 62.284256495887846 2.3247499676185961 6.6489014733917653 1.4125429918239751 3.1018861628301586 5.517689762139816 0.31231232785292518 2.7865912322997812 1.7931174242024073 3.6160570828251628
decision_type=2 2 2 2 2 2 2 2 2 2 2
left_child=2 3 4 6 7 8 -2 -1 -4 -6 -7
right_child=1 -3 5 -5 9 10 -8 -9 -10 -11 -12
leaf_value=-0.022427428446032786 0.012118171157353388 0.051764449219291034 -0.003366892530131295 -0.0032226254418492323 -0.0094527978832140962 0.0024822589250713162 0.021385599076747894 -0.013823377910173601 -0.00045550451575850494 -0.0066083832398841262 0.0051877690085934272
leaf_weight=10.999999999999998 49 12.999999999999998 66 9.9999999999999982 39 48 30 72 42 57 45
leaf_count=11 49 13 66 10 39 48 30 72 42 57 45
internal_value=0 0.0183928 -0.00493703 0.0135183 -0.0111024 0.000553492 0.0156374 -0.0149637 -0.00223469 -0.00776393 0.00379138
internal_weight=0 102 380 89 179 201 79 83 108 96 93
internal_count=482 102 380 89 179 201 79 83 108 96 93
is_linear=0
shrinkage=0.1


Tree=27
num_leaves=12
num_cat=0
split_feature=9 6 9 9 9 9 9 9 9 9 9
split_gain=3.57535 1.51728 1.10968 0.277583 0.208196 0.146273 0.10878 0.0604677 0.0166948 0.0151747 0.0150595
threshold=4.3764009799558572 62.284256495887846 2.3831553875723346 6.6489014733917653 1.4479586409381058 3.141315785933029 5.932656241888524 0.43710517837399876 1.8996203234042068 3.6160570828251628 2.7865912322997812
decision_type=2 2 2 2 2 2 2 2 2 2 2
left_child=2 3 4 6 7 10 -2 -1 -6 -7 -4
right_child=1 -3 5 -5 8 9 -8 -9 -10 -11 -12
leaf_value=-0.018700051066630027 0.012358407776802778 0.050799561685804899 -0.0027830495001756376 -0.002900362461805344 -0.0081179667098654641 0.0023362363761083946 0.020934891274997168 -0.012041771487481354 -0.0055413628879346349 0.0048226553230994833 -0.00033589161589689972
leaf_weight=17 50 11.999999999999998 57 9.9999999999999982 45 45 21 69 57 54 45
leaf_count=17 50 12 57 10 45 45 21 69 57 54 45
internal_value=0 0.0176145 -0.00421117 0.0126981 -0.00973377 0.000954254 0.0148951 -0.0133579 -0.0066781 0.00369246 -0.00170342
internal_weight=0 93 389 81 188 201 71 86 102 99 102
internal_count=482 93 389 81 188 201 71 86 102 99 102
is_linear=0
shrinkage=0.1


Tree=28
num_leaves=10
num_cat=0
split_feature=21 4 4 13 11 15 21 4 21
split_gain=1.21673 1.72224 0.472055 0.244815 0.161492 0.157617 0.146351 0.117883 0.108133
threshold=44.000000000000007 24.390759044900218 20.456122844087123 25.027777777777782 397.13700121790947 0.51406525080048471 29.815000000000001 26.000883499486523 67.095000000000013
decision_type=2 2 2 2 2 2 2 2 2
left_child=1 -1 -2 5 7 -4 -6 -3 -5
right_child=2 4 3 8 6 -7 -8 -9 -10
leaf_value=0.046278334747661243 0.017421083795753394 0.015575210629031059 -0.0014154804203493536 -0.0048904803250219894 0.012819727292905252 -0.0079836851852231241 0.00089138523649631273 0.0022776975482702256 -0.013399925714475104
leaf_weight=10.999999999999998 10.999999999999998 20.000000000000004 243 28 11.999999999999998 43 72 9.9999999999999982 32
leaf_count=11 11 20 243 28 12 43 72 10 32
internal_value=0 0.00849087 -0.002973 -0.00362136 0.00484472 -0.00240301 0.00259543 0.0111427 -0.00942885
internal_weight=0 125 357 346 114 286 84 30 60
internal_count=482 125 357 346 114 286 84 30 60
is_linear=0
shrinkage=0.1


Tree=29
num_leaves=12
num_cat=0
split_feature=9 9 9 6 9 9 9 5 9 9 9
split_gain=2.55923 1.09442 0.567073 0.238879 0.182819 0.10984 0.0724477 0.0400244 0.0286575 0.0151021 0.00636094
threshold=3.6496670497194108 6.6489014733917653 2.1757825890427331 62.527997576242576 4.7160749933377799 0.89271111997907537 2.7865912322997812 -0.0023202914826131993 1.4957109480362136 3.141315785933029 2.4549233703165121
decision_type=2 2 2 2 2 2 2 2 2 2 2
left_child=2 3 5 4 -2 7 10 -1 -7 -8 -4
right_child=1 -3 6 -5 -6 8 9 -9 -10 -11 -12
leaf_value=-0.017715425739685695 0.0057199698489378489 0.036866040900349617 -0.0038437853256861367 -0.0023734318299425978 0.013961348783943736 -0.0091881427783192249 -0.0002874687420100802 -0.011075783181814073 -0.0061271473596041862 0.0022259413871877627 -0.0021033775859645438
leaf_weight=14.999999999999998 51 14.999999999999998 42 18 57 57 45 23 66 51 42
leaf_count=15 51 15 42 18 57 57 45 23 66 51 42
internal_value=0 0.0113318 -0.00468558 0.00829201 0.0100696 -0.00899746 -0.000828855 -0.0136967 -0.00754566 0.00104778 -0.00297358
internal_weight=0 141 341 126 108 161 180 38 123 96 84
internal_count=482 141 341 126 108 161 180 38 123 96 84
is_linear=0
shrinkage=0.1


Tree=30
num_leaves=12
num_cat=0
split_feature=9 9 9 6 9 9 9 5 9 9 9
split_gain=2.07298 0.886483 0.460359 0.198297 0.162334 0.0791487 0.0710184 0.0324198 0.0177244 0.0126176 0.00762352
threshold=3.6496670497194108 6.6489014733917653 2.0783722255279735 63.910247536951552 4.7160749933377799 0.89271111997907537 2.7865912322997812 -0.0023202914826131993 1.4957109480362136 3.2723358682055728 2.4549233703165121
decision_type=2 2 2 2 2 2 2 2 2 2 2
left_child=2 3 5 4 -2 7 10 -1 -7 -8 -4
right_child=1 -3 6 -5 -6 8 9 -9 -10 -11 -12
leaf_value=-0.015943882564703624 0.0049844544364272486 0.03317943632602692 -0.0036893941600013667 -0.0042332639559530295 0.01256521386911341 -0.0082693284867625498 -5.3036493339102001e-06 -0.0099682049785295261 -0.0057411176566448483 0.0023289880093682607 -0.0018930398229193607
leaf_weight=14.999999999999998 56 14.999999999999998 54 12.999999999999998 57 57 57 23 54 39 42
leaf_count=15 56 15 54 13 57 57 57 23 54 39 42
internal_value=0 0.0101986 -0.00421703 0.00746281 0.00880838 -0.00838791 -0.000980243 -0.012327 -0.00703939 0.000943002 -0.00290349
internal_weight=0 141 341 126 113 149 192 38 111 96 96
internal_count=482 141 341 126 113 149 192 38 111 96 96
is_linear=0
shrinkage=0.1


Tree=31
num_leaves=8
num_cat=0
split_feature=5 21 4 24 5 4 30
split_gain=0.876018 0.584712 0.562706 0.176879 0.115289 0.0817649 0.0346776
threshold=0.10122618740219906 48.250000000000007 24.390759044900218 27.984035608940761 -0.020228778269050396 26.257666862808865 171.98095412341223
decision_type=2 2 2 2 2 2 2
left_child=1 2 -1 -4 6 -6 -3
right_child=-2 4 3 -5 5 -7 -8
leaf_value=0.026382668379863555 0.026680335532485819 -0.0061018174426862963 0.0079314879534973046 0.00020896288507414617 -0.0017705661089092509 -0.0065296981029123779 -0.013213184786339602
leaf_weight=10.999999999999998 11.999999999999998 16.000000000000004 45 87 257 42 11.999999999999998
leaf_count=11 12 16 45 87 257 42 12
internal_value=0 -0.0006812 0.00465249 0.00284164 -0.00301367 -0.00243907 -0.00914955
internal_weight=0 470 143 132 327 299 28
internal_count=482 470 143 132 327 299 28
is_linear=0
shrinkage=0.1


Tree=32
num_leaves=13
num_cat=0
split_feature=9 9 9 6 9 9 9 9 5 9 9 9
split_gain=1.50937 0.716814 0.276832 0.136753 0.15797 0.0569319 0.0522548 0.0395375 0.0294037 0.0137823 0.00716311 0.00418666
threshold=3.4427940974765865 7.0483884579426892 2.034756797210322 61.736259907098578 4.7160749933377799 4.0794947502470214 0.75258526456234065 2.7865912322997812 -0.0098826893831009486 1.4479586409381058 2.4450273379019323 3.1018861628301586
decision_type=2 2 2 2 2 2 2 2 2 2 2 2
left_child=2 3 6 4 -2 -5 8 10 -1 -8 -4 -9
right_child=1 -3 7 5 -6 -7 9 11 -10 -11 -12 -13
leaf_value=-0.015160350772467522 0.0039257360587535957 0.031291534130771952 -0.0033693274237999791 0.0030024323864722641 0.010990139568069331 -0.0066160058602690698 -0.0074324007489179307 -0.00020856082597414834 -0.0085978795463840171 -0.0052333357727579908 -0.0016815815146805511 0.0013381700361302744
leaf_weight=11.000000000000002 67 11.999999999999998 57 16.000000000000004 60 9.9999999999999982 57 42 18 57 45 30
leaf_count=11 67 12 57 16 60 10 57 42 18 57 45 30
internal_value=0 0.00775642 -0.00403726 0.00591053 0.00726325 -0.000696967 -0.00729701 -0.00135826 -0.0110871 -0.00633287 -0.00262473 0.00043591
internal_weight=0 165 317 153 127 26 143 174 29 114 102 72
internal_count=482 165 317 153 127 26 143 174 29 114 102 72
is_linear=0
shrinkage=0.1


Tree=33
num_leaves=12
num_cat=0
split_feature=9 22 9 26 29 9 9 21 9 9 9
split_gain=1.22681 0.769821 0.309768 0.142733 0.260528 0.0500862 0.0465604 0.0243252 0.0114151 0.0075898 0.00319668
threshold=3.8689109385340976 267.92000000000002 2.1757825890427331 24.559877596477413 91.243464959546586 0.95867432304703504 2.9918314666471475 89.125000000000014 1.7087218083313092 2.4549233703165121 3.2723358682055728
decision_type=2 2 2 2 2 2 2 2 2 2 2
left_child=2 3 5 -2 -5 7 9 -1 -7 -4 -8
right_child=1 -3 6 4 -6 8 10 -9 -10 -11 -12
leaf_value=-0.0076984139737384079 -0.005577223803848029 0.031525209001623665 -0.0026919183210425434 0.0052872192888190192 0.022273722738027576 -0.0059722928653160728 0.00062365386973531854 -0.013051827934881053 -0.0039576751262777382 -0.0010003998136704063 0.0019562944062744029
leaf_weight=29 9.9999999999999982 12.999999999999998 42 93 9.9999999999999982 75 27 11.999999999999998 45 72 54
leaf_count=29 10 13 42 93 10 75 27 12 45 72 54
internal_value=0 0.00848019 -0.00300142 0.00582899 0.00693639 -0.00624778 -0.000321081 -0.00926527 -0.00521681 -0.00162359 0.00151208
internal_weight=0 126 356 113 103 161 195 41 120 114 81
internal_count=482 126 356 113 103 161 195 41 120 114 81
is_linear=0
shrinkage=0.1


Tree=34
num_leaves=7
num_cat=0
split_feature=5 7 11 21 7 15
split_gain=0.586371 0.436007 0.614136 0.160484 0.0899124 0.0688564
threshold=0.10122618740219906 1.4833363860865016 384.2960108978541 40.125000000000007 0.40313876620275119 0.51622562125550486
decision_type=2 2 2 2 2 2
left_child=1 3 -3 4 -1 -5
right_child=-2 2 -4 5 -6 -7
leaf_value=-0.0032056391306105069 0.02182835809265574 0.031461929278448215 -0.0027790116590701722 -0.0016515556517102715 0.0044480719294039189 -0.0060499488632194702
leaf_weight=20 11.999999999999998 10.000000000000002 10.999999999999998 323 66 40
leaf_count=20 12 10 11 323 66 40
internal_value=0 -0.00055732 0.0135262 -0.00121601 0.00266814 -0.00213623
internal_weight=0 470 21 449 86 363
internal_count=482 470 21 449 86 363
is_linear=0
shrinkage=0.1


Tree=35
num_leaves=12
num_cat=0
split_feature=9 5 9 28 9 9 9 9 9 5 9
split_gain=0.916976 0.712982 0.357217 0.203457 0.0635863 0.0424233 0.0331969 0.0204528 0.00903672 0.00872517 0.00491365
threshold=4.935198344640491 0.040342318759487107 2.4549233703165121 73.802959529653535 1.3375258032265795 3.2723358682055728 5.8864877481530113 0.31231232785292518 2.0600444956288348 0.090297575191273766 2.7865912322997812
decision_type=2 2 2 2 2 2 2 2 2 2 2
left_child=2 3 4 -2 7 10 -5 -1 -6 -7 -4
right_child=1 -3 5 6 8 9 -8 -9 -10 -11 -12
leaf_value=-0.011054369824176485 -0.0024178205368419487 0.034191275393294002 -0.001211737839981825 0.0069168684973071022 -0.0041432185738813137 0.0027386392194559718 0.013017748355526815 -0.0063810517006213712 -0.0024578431208634325 -0.00011204174564530451 0.00021373069663368691
leaf_weight=10.999999999999998 18 10.999999999999998 42 14.999999999999998 72 102 22 63 57 11.999999999999998 57
leaf_count=11 18 11 42 15 72 102 22 63 57 12 57
internal_value=0 0.0109504 -0.00173732 0.00630223 -0.00473898 0.00112341 0.0105444 -0.00707573 -0.00339852 0.00243857 -0.000391014
internal_weight=0 66 416 55 203 213 37 74 129 114 99
internal_count=482 66 416 55 203 213 37 74 129 114 99
is_linear=0
shrinkage=0.1


Tree=36
num_leaves=9
num_cat=0
split_feature=9 29 9 4 9 9 9 9
split_gain=0.760472 0.690283 0.431636 0.0774386 0.107059 0.0767393 0.0184214 0.0140061
threshold=6.3908005089353113 40.916055365593969 2.7865912322997812 22.222225112644558 5.3320206116088764 1.4479586409381058 0.31231232785292518 2.1757825890427331
decision_type=2 2 2 2 2 2 2 2
left_child=2 -2 5 -4 -5 6 -1 -7
right_child=1 -3 3 4 -6 7 -8 -9
leaf_value=-0.0099489329044114474 0.0013240163129839026 0.037625706903636459 -0.0057628742884844545 0.0018487020285203133 0.0080669432610386265 -0.0034125565928407016 -0.0055668171594540281 -0.0015324310491234344
leaf_weight=10.999999999999998 11.000000000000002 9.9999999999999982 10.999999999999998 172 33 75 75 84
leaf_count=11 11 10 11 172 33 75 75 84
internal_value=0 0.0186105 -0.000847768 0.00241108 0.00284969 -0.00372088 -0.00612732 -0.00241928
internal_weight=0 21 461 216 205 245 86 159
internal_count=482 21 461 216 205 245 86 159
is_linear=0
shrinkage=0.1


Tree=37
num_leaves=9
num_cat=0
split_feature=9 28 9 4 9 9 9 9
split_gain=0.615982 0.689836 0.349626 0.0627253 0.0885326 0.0624829 0.0161099 0.00945545
threshold=6.3908005089353113 75.408733334121919 2.7865912322997812 22.222225112644558 4.8625990308160816 1.4957109480362136 0.31231232785292518 2.301646212090585
decision_type=2 2 2 2 2 2 2 2
left_child=2 -2 5 -4 -5 6 -1 -7
right_child=1 -3 3 4 -6 7 -8 -9
leaf_value=-0.0089540395123714756 -0.0022595401667058457 0.03403040978168561 -0.0051865868529685864 0.0014783228834496626 0.0065399388253519486 -0.0028106716250207416 -0.0048842471004241989 -0.001217657348182832
leaf_weight=10.999999999999998 10.000000000000002 10.999999999999998 10.999999999999998 161 44 81 84 69
leaf_count=11 10 11 11 161 44 81 84 69
internal_value=0 0.0167495 -0.000762992 0.00216998 0.00256472 -0.00334879 -0.00535549 -0.00207789
internal_weight=0 21 461 216 205 245 95 150
internal_count=482 21 461 216 205 245 95 150
is_linear=0
shrinkage=0.1


Tree=38
num_leaves=8
num_cat=0
split_feature=9 9 6 9 9 9 9
split_gain=0.513164 0.324388 0.0653033 0.086365 0.0650751 0.0168831 0.00761719
threshold=7.0483884579426892 2.9918314666471475 64.371522426661372 5.932656241888524 1.7087218083313092 0.6078313593329252 2.4056500337112121
decision_type=2 2 2 2 2 2 2
left_child=1 4 3 -3 5 -1 -6
right_child=-2 2 -4 -5 6 -7 -8
leaf_value=-0.0069605155630320633 0.020420339331030848 0.0022533668831152438 -0.0039815235317551666 0.0086943600093945857 -0.0021250264417642778 -0.0039346537973371249 -0.00074048469692503138
leaf_weight=23 11.999999999999998 157 13.999999999999998 24 78 93 81
leaf_count=23 12 157 14 24 78 93 81
internal_value=0 -0.00052137 0.00259847 0.00310742 -0.00273362 -0.00453461 -0.00141969
internal_weight=0 470 195 181 275 116 159
internal_count=482 470 195 181 275 116 159
is_linear=0
shrinkage=0.1


Tree=39
num_leaves=8
num_cat=0
split_feature=9 9 9 4 9 9 9
split_gain=0.415663 0.264201 0.0575092 0.0478929 0.0678939 0.0136753 0.0075484
threshold=7.0483884579426892 3.1018861628301586 1.7087218083313092 22.222282085838479 5.932656241888524 0.6078313593329252 2.4549233703165121
decision_type=2 2 2 2 2 2 2
left_child=1 2 5 -3 -5 -1 -4
right_child=-2 3 6 4 -6 -7 -8
leaf_value=-0.0062644639153681377 0.018378305838753783 -0.0042288016987731677 -0.0018494130181812352 0.0020938032287588634 0.0078249238895296003 -0.0035411884146992882 -0.00052040928953721007
leaf_weight=23 11.999999999999998 9.9999999999999982 87 149 24 93 84
leaf_count=23 12 10 87 149 24 93 84
internal_value=0 -0.000469233 -0.00236246 0.00249993 0.00288887 -0.00408115 -0.00119657
internal_weight=0 470 287 183 173 116 171
internal_count=482 470 287 183 173 116 171
is_linear=0
shrinkage=0.1


Tree=40
num_leaves=12
num_cat=0
split_feature=9 6 9 9 9 9 21 9 20 9 11
split_gain=0.338298 0.615077 0.7029 0.0787875 0.0241562 0.017535 0.0179299 0.00936264 0.00573573 0.0031903 0.00282039
threshold=3.8689109385340976 62.284256495887846 6.6489014733917653 2.1757825890427331 5.932656241888524 0.89271111997907537 89.125000000000014 3.1018861628301586 32.515000000000008 1.4125429918239751 482.35266010692504
decision_type=2 2 2 2 2 2 2 2 2 2 2
left_child=3 2 4 5 -2 6 -1 10 -9 -7 -5
right_child=1 -3 -4 7 -6 9 -8 8 -10 -11 -12
leaf_value=-0.0037044497310287426 0.0032817979408336171 0.02103351573704889 -0.023734021568670868 -0.00051354865777505183 0.0071134305426052633 -0.0033037742108313578 -0.0084940863879058841 0.0013150660238655596 -0.00066640858976392168 -0.0022464347719692458 -0.0017383260348730761
leaf_weight=27 76 19 9.9999999999999982 103 21 45 10.999999999999998 48 21 78 23
leaf_count=27 76 19 10 103 21 45 11 48 21 78 23
internal_value=0 0.00445314 0.00150896 -0.00157611 0.00411133 -0.00321333 -0.00509092 -0.000224351 0.000712009 -0.00263327 -0.000737119
internal_weight=0 126 107 356 97 161 38 195 69 123 126
internal_count=482 126 107 356 97 161 38 195 69 123 126
is_linear=0
shrinkage=0.1


Tree=41
num_leaves=8
num_cat=0
split_feature=9 9 13 9 9 5 9
split_gain=0.368246 0.152138 0.0596079 0.0532631 0.0302054 0.0101835 0.00666186
threshold=6.6489014733917653 2.8553566110064676 21.19444444444445 5.3320206116088764 1.3375258032265795 -0.0042191050625692492 2.1757825890427331
decision_type=2 2 2 2 2 2 2
left_child=1 4 -3 -4 5 -1 -6
right_child=-2 2 3 -5 6 -7 -8
leaf_value=-0.0054913252666592598 0.01542261819044749 -0.0060615688574034727 0.0010570152892730065 0.005168579490138935 -0.002078006757609279 -0.00301107030091047 -0.00086060795424942936
leaf_weight=25 14.999999999999998 9.9999999999999982 164 39 87 49 93
leaf_count=25 15 10 164 39 87 49 93
internal_value=0 -0.000495373 0.00147563 0.00184692 -0.00214822 -0.00384899 -0.00144902
internal_weight=0 467 213 203 254 74 180
internal_count=482 467 213 203 254 74 180
is_linear=0
shrinkage=0.1


Tree=42
num_leaves=8
num_cat=0
split_feature=9 9 6 9 9 21 9
split_gain=0.298279 0.123368 0.0531257 0.0557536 0.0229447 0.0114438 0.00467583
threshold=6.6489014733917653 2.7865912322997812 64.482754557965606 4.7160749933377799 1.3375258032265795 89.125000000000014 2.1757825890427331
decision_type=2 2 2 2 2 2 2
left_child=1 4 3 -3 5 -1 -6
right_child=-2 2 -4 -5 6 -7 -8
leaf_value=-0.0027590592822109884 0.01388035702208678 0.00066636497058304191 -0.0044850381355111798 0.0043403587234614972 -0.0018702061017894925 -0.005657538633062763 -0.00082421460950475502
leaf_weight=56 14.999999999999998 150 14.999999999999998 57 87 18 84
leaf_count=56 15 150 15 57 87 18 84
internal_value=0 -0.000445836 0.00126162 0.00167804 -0.001993 -0.00346409 -0.00135639
internal_weight=0 467 222 207 245 74 171
internal_count=482 467 222 207 245 74 171
is_linear=0
shrinkage=0.1


Tree=43
num_leaves=8
num_cat=0
split_feature=9 9 6 9 9 18 21
split_gain=0.245297 0.106869 0.0548364 0.0357303 0.0258473 0.00915376 0.00459285
threshold=7.0483884579426892 3.141315785933029 64.371522426661372 4.7160749933377799 1.7087218083313092 0.043910000000000005 48.530000000000008
decision_type=2 2 2 2 2 2 2
left_child=1 4 3 -3 5 -1 -6
right_child=-2 2 -4 -5 6 -7 -8
leaf_value=-0.0024318676292956675 0.014118264118830362 0.00095661257193981183 -0.0044566707619066752 0.0040104338563590625 -0.0016743629808377931 -0.0055968824634328486 -0.0004832699214367002
leaf_weight=106 11.999999999999998 106 13.999999999999998 60 43 9.9999999999999982 131
leaf_count=106 12 106 14 60 43 10 131
internal_value=0 -0.000360466 0.00155352 0.0020604 -0.00154846 -0.00270471 -0.000777621
internal_weight=0 470 180 166 290 116 174
internal_count=482 470 180 166 290 116 174
is_linear=0
shrinkage=0.1


Tree=44
num_leaves=9
num_cat=0
split_feature=28 9 9 9 13 9 9 20
split_gain=0.220869 0.861284 0.193085 0.0713739 0.0392924 0.011181 0.0104123 0.00465012
threshold=99.786444150302444 5.932656241888524 7.0483884579426892 2.4549233703165121 21.19444444444445 0.6078313593329252 2.1757825890427331 35.225000000000001
decision_type=2 2 2 2 2 2 2 2
left_child=2 6 3 5 -5 -1 -2 -8
right_child=1 -3 -4 4 -6 -7 7 -9
leaf_value=-0.0039600748574064879 -0.0029465233907103542 0.0325514155626297 -0.014438475668430329 -0.0050686627838083288 0.0010510855225929604 -0.0015600977242204615 0.0020565471131703812 -0.00067331042284002676
leaf_weight=22 11.999999999999998 9.9999999999999982 9.9999999999999982 10.999999999999998 227 165 12.000000000000002 12.999999999999998
leaf_count=22 12 10 10 11 227 165 12 13
internal_value=0 0.00651237 -0.000703635 -0.000380463 0.00076824 -0.00184245 -0.000525209 0.000637021
internal_weight=0 47 435 425 238 187 37 25
internal_count=482 47 435 425 238 187 37 25
is_linear=0
shrinkage=0.1


Tree=45
num_leaves=8
num_cat=0
split_feature=9 9 6 5 9 29 9
split_gain=0.21989 0.067959 0.0381301 0.0261447 0.0165244 0.00892427 0.00460886
threshold=7.0483884579426892 2.9918314666471475 64.371522426661372 0.095320083770156161 1.0983899428541122 60.747728883795055 2.2514023842991016
decision_type=2 2 2 2 2 2 2
left_child=1 4 3 -3 5 -1 -6
right_child=-2 2 -4 -5 6 -7 -8
leaf_value=-0.0010507249654438057 0.013367122411727906 0.00178131977435174 -0.0039412623770268898 -0.0032491743480270751 -0.0014118010255090971 -0.0039147171381046066 -0.0005046012213764092
leaf_weight=15.999999999999998 11.999999999999998 170 13.999999999999998 10.999999999999998 120 34 105
leaf_count=16 12 170 14 11 120 34 105
internal_value=0 -0.000341288 0.0010867 0.0014756 -0.00135386 -0.00299824 -0.000988441
internal_weight=0 470 195 181 275 50 225
internal_count=482 470 195 181 275 50 225
is_linear=0
shrinkage=0.1


Tree=46
num_leaves=6
num_cat=0
split_feature=5 7 24 9 9
split_gain=0.190088 0.13919 0.483106 0.211948 0.0610703
threshold=0.10122618740219906 1.4833363860865016 27.984035608940761 6.3908005089353113 3.3312360475236025
decision_type=2 2 2 2 2
left_child=1 3 -3 4 -1
right_child=-2 2 -4 -5 -6
leaf_value=-0.0011156061958755876 0.012428312562406063 0.022101580245758992 -0.008267693864181639 -0.01380065653162698 0.001448181855931892
leaf_weight=303 11.999999999999998 11.000000000000002 9.9999999999999982 11.999999999999998 134
leaf_count=303 12 11 10 12 134
internal_value=0 -0.000317319 0.00764002 -0.000689488 -0.000329456
internal_weight=0 470 21 449 437
internal_count=482 470 21 449 437
is_linear=0
shrinkage=0.1


Tree=47
num_leaves=8
num_cat=0
split_feature=9 9 13 5 9 5 20
split_gain=0.188106 0.0434302 0.0291841 0.0298159 0.00918409 0.0137701 0.00278799
threshold=7.0483884579426892 2.4549233703165121 21.19444444444445 0.09728477104908427 0.89271111997907537 -0.0023202914826131993 31.055000000000003
decision_type=2 2 2 2 2 2 2
left_child=1 4 -3 -4 5 -1 -6
right_child=-2 2 3 -5 6 -7 -8
leaf_value=-0.0051768764294683935 0.012363349894682567 -0.0045210808219218798 0.0009679158117648272 -0.0043539562855254522 -0.00085127108283560406 -0.0012823888799175622 -0.0017876976170322621
leaf_weight=14.999999999999998 11.999999999999998 10.999999999999998 245 10.999999999999998 122 23 43
leaf_count=15 12 11 245 11 122 23 43
internal_value=0 -0.00031566 0.000522524 0.000739242 -0.0014181 -0.00281969 -0.00109531
internal_weight=0 470 267 256 203 38 165
internal_count=482 470 267 256 203 38 165
is_linear=0
shrinkage=0.1


Tree=48
num_leaves=9
num_cat=0
split_feature=28 6 9 9 6 30 9 21
split_gain=0.164832 0.733662 0.205664 0.0298893 0.0263783 0.00879404 0.00751742 0.00719535
threshold=97.204239128756385 60.219075067585386 7.0483884579426892 2.7865912322997812 65.468698910518029 327.23259875198153 2.9779420978063893 33.780000000000008
decision_type=2 2 2 2 2 2 2 2
left_child=2 6 3 5 -5 -1 -2 -8
right_child=1 -3 -4 4 -6 -7 7 -9
leaf_value=-0.00095425521848202695 -0.002130188929004362 0.029658679284621032 -0.01482284851372242 0.00086968483810012556 -0.0044040094688534738 -0.0038534821995364673 -0.0012199029287633795 0.0020653704220118625
leaf_weight=214 15.999999999999998 9.9999999999999982 9.9999999999999982 184 9.9999999999999982 10.999999999999998 12.000000000000002 14.999999999999998
leaf_count=214 16 10 10 184 10 11 12 15
internal_value=0 0.00526124 -0.000649989 -0.000311735 0.000597845 -0.001096 -0.000412588 0.000605249
internal_weight=0 53 429 419 194 225 43 27
internal_count=482 53 429 419 194 225 43 27
is_linear=0
shrinkage=0.1


Tree=49
num_leaves=8
num_cat=0
split_feature=9 9 6 15 9 15 21
split_gain=0.173333 0.0335518 0.0684012 0.0188335 0.0134434 0.00714961 0.00582481
threshold=7.0483884579426892 3.889190702016017 62.527997576242576 0.45841090485524777 1.8996203234042068 0.37394599837966208 48.250000000000007
decision_type=2 2 2 2 2 2 2
left_child=1 4 3 -3 5 -1 -6
right_child=-2 2 -4 -5 6 -7 -8
leaf_value=-0.0041499217052478349 0.011867940922578176 0.0039398642809828745 -0.0055992532485666189 0.0010642434836500474 -0.0011644175503811389 -0.0013677495080027114 -1.0329385211597577e-05
leaf_weight=9.9999999999999982 11.999999999999998 36 12.999999999999998 62 59 121 169
leaf_count=10 12 36 13 62 59 121 169
internal_value=0 -0.000303011 0.00121647 0.00212059 -0.000772822 -0.00158013 -0.000308975
internal_weight=0 470 111 98 359 131 228
internal_count=482 470 111 98 359 131 228
is_linear=0
shrinkage=0.1


Tree=50
num_leaves=6
num_cat=0
split_feature=4 4 28 6 35
split_gain=0.16196 0.163027 0.133917 0.547856 0.0689892
threshold=20.456122844087123 22.222225112644558 99.786444150302444 59.510637423015567 871.9874599222677
decision_type=2 2 2 2 2
left_child=-1 -2 4 -4 -3
right_child=1 2 3 -5 -6
leaf_value=0.011994832354089754 -0.011786417613378338 -0.00032265683499522004 -0.00053494428127148265 0.025845445885788649 -0.007725199253764004
leaf_weight=10.999999999999998 11.999999999999998 399 37 9.9999999999999982 12.999999999999998
leaf_count=11 12 399 37 10 13
internal_value=0 -0.000280134 2.06838e-05 0.0050779 -0.000556232
internal_weight=0 471 459 47 412
internal_count=482 471 459 47 412
is_linear=0
shrinkage=0.1


Tree=51
num_leaves=5
num_cat=0
split_feature=5 5 5 9
split_gain=0.143913 0.112651 0.235854 0.0830372
threshold=0.10122618740219906 0.079239143355620059 0.040342318759487107 6.495777510162303
decision_type=2 2 2 2
left_child=1 2 3 -1
right_child=-2 -3 -4 -5
leaf_value=-0.00022460758501118244 0.010813943561515771 -0.009840581029614744 0.012306826525212576 -0.0090229339558969852
leaf_weight=432 11.999999999999998 11.999999999999998 14.999999999999998 10.999999999999998
leaf_count=432 12 12 15 11
internal_value=0 -0.000276101 -2.5503e-05 -0.000443076
internal_weight=0 470 458 443
internal_count=482 470 458 443
is_linear=0
shrinkage=0.1


Tree=52
num_leaves=8
num_cat=0
split_feature=9 9 6 24 9 28 25
split_gain=0.139024 0.0290046 0.0578355 0.0146031 0.0104029 0.0102835 0.00593165
threshold=7.0483884579426892 3.889190702016017 62.527997576242576 27.984035608940761 1.6347688940038252 91.703614695349373 28.543772627926476
decision_type=2 2 2 2 2 2 2
left_child=1 4 3 -3 5 -1 -6
right_child=-2 2 -4 -5 6 -7 -8
leaf_value=-0.0011858745940078639 0.010628675421079 0.002923470229429544 -0.0051258551619517119 0.00040538665001607827 -0.00085034315493577465 -0.0042926488065859305 0.00012010504777322241
leaf_weight=95 11.999999999999998 61 12.999999999999998 37 124 11.999999999999998 128
leaf_count=95 12 61 13 37 124 12 128
internal_value=0 -0.00027137 0.0011414 0.00197277 -0.000708187 -0.0015343 -0.000357417
internal_weight=0 470 111 98 359 107 252
internal_count=482 470 111 98 359 107 252
is_linear=0
shrinkage=0.1


Tree=53
num_leaves=6
num_cat=0
split_feature=4 4 7 4 9
split_gain=0.130424 0.132022 0.0951785 0.543619 0.0802583
threshold=20.456122844087123 22.222225112644558 0.9706086681480498 24.259778418770683 6.3908005089353113
decision_type=2 2 2 2 2
left_child=-1 -2 4 -4 -3
right_child=1 2 3 -5 -6
leaf_value=0.01076390700922771 -0.010605874269579848 -0.00021473732927452328 0.023633231324757534 -0.0023553209790649517 -0.0092825573898880978
leaf_weight=10.999999999999998 11.999999999999998 408 10.999999999999998 30 9.9999999999999982
leaf_count=11 12 408 11 30 10
internal_value=0 -0.000251386 1.93192e-05 0.00461722 -0.000431671
internal_weight=0 471 459 41 418
internal_count=482 471 459 41 418
is_linear=0
shrinkage=0.1


Tree=54
num_leaves=6
num_cat=0
split_feature=6 13 9 24 9
split_gain=0.126673 0.182468 0.0940028 0.340861 0.0153132
threshold=66.479277667319067 22.111111111111111 5.932656241888524 28.256627706938371 1.6347688940038252
decision_type=2 2 2 2 2
left_child=1 -1 4 -4 -3
right_child=-2 2 3 -5 -6
leaf_value=-0.012431732534120481 0.010145584559844186 -0.0013679697376115043 0.01382414188824202 -0.0071901644508426017 1.4482682591707806e-05
leaf_weight=11.999999999999998 11.999999999999998 107 19 12.999999999999998 319
leaf_count=12 12 107 19 13 319
internal_value=0 -0.000259036 5.98991e-05 0.00528708 -0.000332753
internal_weight=0 470 458 32 426
internal_count=482 470 458 32 426
is_linear=0
shrinkage=0.1


Tree=55
num_leaves=7
num_cat=0
split_feature=4 28 9 9 9 4
split_gain=0.124585 0.110438 0.667713 0.577057 0.0166631 0.0165886
threshold=20.456122844087123 99.786444150302444 6.6489014733917653 5.932656241888524 3.9140915266387597 24.444448560711368
decision_type=2 2 2 2 2 2
left_child=-1 2 4 5 -2 -3
right_child=1 3 -4 -5 -6 -7
leaf_value=0.010520193370228465 -0.00045884071938582404 -0.0048862262908369305 -0.026289122756570579 0.025667333570308981 0.0011187043203487216 -0.00011835903688161463
leaf_weight=10.999999999999998 330 9.9999999999999982 9.9999999999999982 9.9999999999999982 84 27
leaf_count=11 330 10 10 10 84 27
internal_value=0 -0.000245695 -0.000755513 0.00435352 -0.000138759 -0.00140697
internal_weight=0 471 424 47 414 37
internal_count=482 471 424 47 414 37
is_linear=0
shrinkage=0.1


Tree=56
num_leaves=6
num_cat=0
split_feature=9 5 9 6 28
split_gain=0.135275 0.0189633 0.0225235 0.0390628 0.00764607
threshold=7.0483884579426892 0.09728477104908427 3.6496670497194108 64.371522426661372 91.703614695349373
decision_type=2 2 2 2 2
left_child=1 2 4 -4 -1
right_child=-2 -3 3 -5 -6
leaf_value=-0.00041242496700581504 0.01048441380262375 -0.0043708439358107918 0.0015520325368164447 -0.0049759012553840876 -0.0018845793791115286
leaf_weight=299 11.999999999999998 10.999999999999998 110 9.9999999999999982 40
leaf_count=299 12 11 110 10 40
internal_value=0 -0.000267687 -0.000169354 0.00100804 -0.000586131
internal_weight=0 470 459 120 339
internal_count=482 470 459 120 339
is_linear=0
shrinkage=0.1


Tree=57
num_leaves=5
num_cat=0
split_feature=9 13 5 9
split_gain=0.110787 0.0220083 0.0180532 0.0254885
threshold=6.6489014733917653 21.19444444444445 0.09728477104908427 4.672320016570338
decision_type=2 2 2 2
left_child=1 -1 3 -3
right_child=-2 2 -4 -5
leaf_value=-0.0046916935719888316 0.0084592969343066215 -0.00037178483261650163 -0.004367146100848914 0.001828324380826938
leaf_weight=10.999999999999998 14.999999999999998 385 9.9999999999999982 61
leaf_count=11 15 385 10 61
internal_value=0 -0.000271712 -0.00016509 -7.0873e-05
internal_weight=0 467 456 446
internal_count=482 467 456 446
is_linear=0
shrinkage=0.1


Tree=58
num_leaves=5
num_cat=0
split_feature=5 5 5 9
split_gain=0.104051 0.0810025 0.176081 0.0895756
threshold=0.10122618740219906 0.079239143355620059 0.040342318759487107 6.495777510162303
decision_type=2 2 2 2
left_child=1 2 3 -1
right_child=-2 -3 -4 -5
leaf_value=-0.00015616412418121737 0.0091951435237812504 -0.0083451722321721423 0.010633384063451863 -0.0092943197497251367
leaf_weight=432 11.999999999999998 11.999999999999998 14.999999999999998 10.999999999999998
leaf_count=432 12 12 15 11
internal_value=0 -0.00023477 -2.227e-05 -0.000383071
internal_weight=0 470 458 443
internal_count=482 470 458 443
is_linear=0
shrinkage=0.1


Tree=59
num_leaves=5
num_cat=0
split_feature=4 4 9 9
split_gain=0.104179 0.094197 0.0809082 0.0146966
threshold=20.456122844087123 22.222225112644558 6.6489014733917653 3.9140915266387597
decision_type=2 2 2 2
left_child=-1 -2 3 -3
right_child=1 2 -4 -5
leaf_value=0.0096201444367497151 -0.0089709636842599146 -0.00051108237952168973 0.0084768963385034694 0.00086440786209641377
leaf_weight=10.999999999999998 11.999999999999998 348 10.999999999999998 100
leaf_count=11 12 348 11 100
internal_value=0 -0.000224674 3.98688e-06 -0.000204053
internal_weight=0 471 459 448
internal_count=482 471 459 448
is_linear=0
shrinkage=0.1


Tree=60
num_leaves=6
num_cat=0
split_feature=6 13 28 9 9
split_gain=0.0989862 0.167554 0.0808253 0.438987 0.176906
threshold=66.479277667319067 22.111111111111111 97.204239128756385 6.0015376422335587 6.495777510162303
decision_type=2 2 2 2 2
left_child=1 -1 4 -4 -3
right_child=-2 2 3 -5 -6
leaf_value=-0.011893601420645912 0.0089685482205823074 -6.2724400707382183e-05 -0.00075251355326433518 0.022615342211211101 -0.013529813624918461
leaf_weight=11.999999999999998 11.999999999999998 397 41 9.9999999999999982 9.9999999999999982
leaf_count=12 12 397 41 10 10
internal_value=0 -0.000228984 7.6639e-05 0.00382942 -0.000393611
internal_weight=0 470 458 51 407
internal_count=482 470 458 51 407
is_linear=0
shrinkage=0.1


Tree=61
num_leaves=5
num_cat=0
split_feature=4 4 9 5
split_gain=0.100914 0.0730312 0.0724209 0.0195985
threshold=20.456122844087123 22.222225112644558 6.6489014733917653 0.09728477104908427
decision_type=2 2 2 2
left_child=-1 -2 3 -3
right_child=1 2 -4 -5
leaf_value=0.009468178601342846 -0.0079223445616662513 -0.000116673221217748 0.0079964107071811511 -0.0045939483493566509
leaf_weight=10.999999999999998 11.999999999999998 438 10.999999999999998 9.9999999999999982
leaf_count=11 12 438 11 10
internal_value=0 -0.000221125 -1.97861e-05 -0.000216612
internal_weight=0 471 459 448
internal_count=482 471 459 448
is_linear=0
shrinkage=0.1


Tree=62
num_leaves=6
num_cat=0
split_feature=5 13 5 33 9
split_gain=0.0819548 0.0747358 0.0798719 0.172844 0.138446
threshold=0.10122618740219906 22.111111111111111 0.040342318759487107 38.701837007456035 6.495777510162303
decision_type=2 2 2 2 2
left_child=1 -1 4 -4 -3
right_child=-2 2 3 -5 -6
leaf_value=-0.0074050637860117218 0.0081605994297812394 -2.9927655726335521e-05 0.014888273662125518 -0.0018625866222594465 -0.011935154963284731
leaf_weight=13.999999999999998 11.999999999999998 421 11.000000000000002 13.999999999999998 9.9999999999999982
leaf_count=14 12 421 11 14 10
internal_value=0 -0.000208356 1.25958e-05 0.00550779 -0.000306151
internal_weight=0 470 456 25 431
internal_count=482 470 456 25 431
is_linear=0
shrinkage=0.1


Tree=63
num_leaves=7
num_cat=0
split_feature=4 22 4 9 5 5
split_gain=0.093636 0.0736511 0.472406 0.362698 0.015098 0.0126597
threshold=20.456122844087123 267.92000000000002 24.350727228987207 6.495777510162303 0.040342318759487107 8.837318940635443e-06
decision_type=2 2 2 2 2 2
left_child=-1 3 -3 4 -2 -4
right_child=1 2 5 -5 -6 -7
leaf_value=0.0091203609396788201 3.9455801959499094e-05 0.022827444204594941 -0.00046599869159623408 -0.017766840461020669 -0.0022903267270885409 -0.0045129703627687628
leaf_weight=10.999999999999998 382 9.9999999999999982 26 11.999999999999998 30 10.999999999999998
leaf_count=11 382 10 26 12 30 11
internal_value=0 -0.000213002 0.00354289 -0.000629339 -0.000130189 -0.00166915
internal_weight=0 471 47 424 412 37
internal_count=482 471 47 424 412 37
is_linear=0
shrinkage=0.1


Tree=64
num_leaves=5
num_cat=0
split_feature=9 13 5 9
split_gain=0.105075 0.0205574 0.0205172 0.0159257
threshold=6.495777510162303 21.19444444444445 0.09728477104908427 2.8553566110064676
decision_type=2 2 2 2
left_child=1 -1 3 -3
right_child=-2 2 -4 -5
leaf_value=-0.0045622772960500282 0.0074963358179148711 -0.00060556364647644707 -0.0046663990244269369 0.00060590839292241363
leaf_weight=10.999999999999998 18 253 9.9999999999999982 190
leaf_count=11 18 253 10 190
internal_value=0 -0.000290806 -0.000187084 -8.59707e-05
internal_weight=0 464 453 443
internal_count=482 464 453 443
is_linear=0
shrinkage=0.1


Tree=65
num_leaves=6
num_cat=0
split_feature=9 28 13 5 4
split_gain=0.0855333 0.424362 0.0164589 0.0164362 0.0148006
threshold=6.3908005089353113 75.408733334121919 21.19444444444445 0.09728477104908427 22.222229189025871
decision_type=2 2 2 2 2
left_child=2 -2 -1 4 -4
right_child=1 -3 3 -5 -6
leaf_value=-0.0041060495613650843 -0.0086677865311503392 0.019795286485565489 0.0035221924391490495 -0.0041997592430561784 -0.00019265797486409897
leaf_weight=10.999999999999998 10.000000000000002 10.999999999999998 10.999999999999998 9.9999999999999982 429
leaf_count=11 10 11 11 10 429
internal_value=0 0.00624144 -0.000284317 -0.000190897 -9.97867e-05
internal_weight=0 21 461 450 440
internal_count=482 21 461 450 440
is_linear=0
shrinkage=0.1


Tree=66
num_leaves=5
num_cat=0
split_feature=4 7 7 9
split_gain=0.0899461 0.0581144 0.364672 0.201623
threshold=20.456122844087123 2.025773392628142 1.4833363860865016 6.495777510162303
decision_type=2 2 2 2
left_child=-1 2 3 -2
right_child=1 -3 -4 -5
leaf_value=0.0089388510815545229 -0.00012998337008375655 -0.0070786132089172803 0.018858061693608763 -0.014490192644298079
leaf_weight=10.999999999999998 439 11.999999999999998 9.9999999999999982 9.9999999999999982
leaf_count=11 439 12 10 10
internal_value=0 -0.000208763 -2.91591e-05 -0.00044981
internal_weight=0 471 459 449
internal_count=482 471 459 449
is_linear=0
shrinkage=0.1


Tree=67
num_leaves=5
num_cat=0
split_feature=9 13 5 9
split_gain=0.0894764 0.0199328 0.0151386 0.0163027
threshold=7.0483884579426892 21.19444444444445 0.09728477104908427 3.9140915266387597
decision_type=2 2 2 2
left_child=1 -1 3 -3
right_child=-2 2 -4 -5
leaf_value=-0.0044244418936696924 0.0085268572904169566 -0.0003440215136567124 -0.0037819394630125981 0.0011206130178515637
leaf_weight=10.999999999999998 11.999999999999998 351 10.999999999999998 97
leaf_count=11 12 351 11 97
internal_value=0 -0.000217707 -0.000116892 -2.6902e-05
internal_weight=0 470 459 448
internal_count=482 470 459 448
is_linear=0
shrinkage=0.1


Tree=68
num_leaves=6
num_cat=0
split_feature=6 13 6 2 9
split_gain=0.082132 0.132813 0.0661449 0.491221 0.149382
threshold=66.479277667319067 22.111111111111111 61.294223938258177 6.5000000000000009 6.495777510162303
decision_type=2 2 2 2 2
left_child=1 -1 4 -4 -3
right_child=-2 2 3 -5 -6
leaf_value=-0.010593739198520781 0.0081694176129531119 -0.00017009436903927389 -7.8349925594471665e-05 0.023382344328565525 -0.011515435533753287
leaf_weight=11.999999999999998 11.999999999999998 353 83 9.9999999999999982 11.999999999999998
leaf_count=12 12 353 83 10 12
internal_value=0 -0.000208581 6.35193e-05 0.00244431 -0.000543092
internal_weight=0 470 458 93 365
internal_count=482 470 458 93 365
is_linear=0
shrinkage=0.1


Tree=69
num_leaves=7
num_cat=0
split_feature=4 22 6 9 21 5
split_gain=0.0905772 0.0559778 0.351822 0.289096 0.0136459 0.0116396
threshold=20.456122844087123 267.92000000000002 59.239685589928577 6.495777510162303 88.780000000000015 0.0029354246464982502
decision_type=2 2 2 2 2 2
left_child=-1 3 5 4 -2 -3
right_child=1 2 -4 -5 -6 -7
leaf_value=0.0089701576841021476 0.00015568488930534021 -0.00035360683848719218 0.019707199782133103 -0.015872623814114681 -0.001299225708062295 -0.0043474188540130855
leaf_weight=10.999999999999998 332 27 9.9999999999999982 11.999999999999998 80 9.9999999999999982
leaf_count=11 332 27 10 12 80 10
internal_value=0 -0.000209494 0.0030649 -0.000572458 -0.000126822 -0.00143302
internal_weight=0 471 47 424 412 37
internal_count=482 471 47 424 412 37
is_linear=0
shrinkage=0.1


Tree=70
num_leaves=6
num_cat=0
split_feature=9 6 15 9 5
split_gain=0.103607 0.0157203 0.0137671 0.0149685 0.0113531
threshold=6.495777510162303 66.099190670840159 0.51622562125550486 3.4879554085591278 -0.11140111307736685
decision_type=2 2 2 2 2
left_child=1 2 4 -4 -1
right_child=-2 -3 3 -5 -6
leaf_value=-0.0033174305991269652 0.0074437904585566792 -0.0037171436008065942 -0.00089251575610389757 -0.0051974519132636492 9.5036339089323788e-05
leaf_weight=9.9999999999999982 18 12.999999999999998 42 9.9999999999999982 389
leaf_count=10 18 13 42 10 389
internal_value=0 -0.000288768 -0.000189945 -0.00172039 9.51085e-06
internal_weight=0 464 451 52 399
internal_count=482 464 451 52 399
is_linear=0
shrinkage=0.1


Tree=71
num_leaves=5
num_cat=0
split_feature=9 13 4 5
split_gain=0.0839218 0.0149791 0.0136816 0.0125841
threshold=6.495777510162303 21.19444444444445 22.222229189025871 0.09728477104908427
decision_type=2 2 2 2
left_child=1 -1 -3 -4
right_child=-2 2 3 -5
leaf_value=-0.0039060597223314372 0.0066994104068726305 0.0033122935575771737 -0.00017686794938661613 -0.0037651013216236612
leaf_weight=10.999999999999998 18 10.999999999999998 432 9.9999999999999982
leaf_count=11 18 11 432 10
internal_value=0 -0.000259891 -0.000171353 -0.00025805
internal_weight=0 464 453 442
internal_count=482 464 453 442
is_linear=0
shrinkage=0.1


Tree=72
num_leaves=6
num_cat=0
split_feature=4 5 5 6 5
split_gain=0.0749999 0.0499156 0.0514266 0.209547 0.0408439
threshold=20.456122844087123 0.09728477104908427 0.040342318759487107 60.938585482060212 0.013740024789679901
decision_type=2 2 2 2 2
left_child=-1 2 4 -4 -2
right_child=1 -3 3 -5 -6
leaf_value=0.0081624598136510376 -4.6465861016553807e-05 -0.0060723174122228685 -0.0034017816086166666 0.015551393269561231 -0.0046736601313750728
leaf_weight=10.999999999999998 413 13.999999999999998 14.000000000000002 9.9999999999999982 20
leaf_count=11 413 14 14 10 20
internal_value=0 -0.000190631 -1.04477e-05 0.00449537 -0.000260193
internal_weight=0 471 457 24 433
internal_count=482 471 457 24 433
is_linear=0
shrinkage=0.1


Tree=73
num_leaves=6
num_cat=0
split_feature=5 13 5 6 9
split_gain=0.080833 0.0701152 0.0479362 0.187107 0.0758514
threshold=0.10122618740219906 22.111111111111111 0.039081205368903506 61.341123657018343 6.495777510162303
decision_type=2 2 2 2 2
left_child=1 -1 4 -4 -3
right_child=-2 2 3 -5 -6
leaf_value=-0.0071776139250557345 0.0081045559258200225 -4.9249731149426555e-05 -0.0020773014803934426 0.014983056238852441 -0.0088620820222422483
leaf_weight=13.999999999999998 11.999999999999998 418 18.000000000000004 9.9999999999999982 9.9999999999999982
leaf_count=14 12 418 18 10 10
internal_value=0 -0.000206925 7.08756e-06 0.00401568 -0.000255157
internal_weight=0 470 456 28 428
internal_count=482 470 456 28 428
is_linear=0
shrinkage=0.1


Tree=74
num_leaves=6
num_cat=0
split_feature=9 6 5 33 9
split_gain=0.0767368 0.0156128 0.0139162 0.0121765 0.012171
threshold=6.495777510162303 65.468698910518029 0.040342318759487107 202.77308334726857 4.2279978876930215
decision_type=2 2 2 2 2
left_child=1 2 4 -4 -1
right_child=-2 -3 3 -5 -6
leaf_value=-0.00023061353676579691 0.0064062091418438495 -0.0030557894950585542 -0.0040898070321418343 0.00023221595593812792 0.0012063897891186545
leaf_weight=347 18 19 16.000000000000004 10.999999999999998 71
leaf_count=347 18 19 16 11 71
internal_value=0 -0.000248517 -0.000128656 -0.00232898 1.34708e-05
internal_weight=0 464 445 27 418
internal_count=482 464 445 27 418
is_linear=0
shrinkage=0.1


Tree=75
num_leaves=7
num_cat=0
split_feature=4 5 5 24 5 6
split_gain=0.0691922 0.0529562 0.180899 0.0925169 0.0675476 0.0440025
threshold=20.456122844087123 0.047191945105083712 0.029430573407301656 24.370086366005911 0.013740024789679901 58.790158781105688
decision_type=2 2 2 2 2 2
left_child=-1 2 4 -3 -2 -5
right_child=1 3 -4 5 -6 -7
leaf_value=0.0078400577751877292 -1.9360614730384581e-05 -0.011519824230874127 0.012225173180922866 -0.0055112292803823938 -0.0079592904329977253 0.0031739836949522477
leaf_weight=10.999999999999998 413 10.999999999999998 11.999999999999998 10.000000000000002 10.999999999999998 13.999999999999998
leaf_count=11 413 11 12 10 11 14
internal_value=0 -0.000183101 0.000117326 -0.00392556 -0.000225349 -0.000444855
internal_weight=0 471 436 35 424 24
internal_count=482 471 436 35 424 24
is_linear=0
shrinkage=0.1


Tree=76
num_leaves=5
num_cat=0
split_feature=9 13 4 21
split_gain=0.0654326 0.0176694 0.0116438 0.0109672
threshold=6.495777510162303 21.19444444444445 22.222229189025871 88.780000000000015
decision_type=2 2 2 2
left_child=1 -1 -3 -4
right_child=-2 2 3 -5
leaf_value=-0.0041895735839551146 0.0059155669373770559 0.0030804365661672574 1.9076492960263974e-05 -0.0012810692456189862
leaf_weight=10.999999999999998 18 10.999999999999998 363 79
leaf_count=11 18 11 363 79
internal_value=0 -0.000229483 -0.000133322 -0.000213302
internal_weight=0 464 453 442
internal_count=482 464 453 442
is_linear=0
shrinkage=0.1


Tree=77
num_leaves=5
num_cat=0
split_feature=5 13 7 7
split_gain=0.0698777 0.0622176 0.0471179 0.254086
threshold=0.10122618740219906 22.111111111111111 2.025773392628142 1.4833363860865016
decision_type=2 2 2 2
left_child=1 -1 3 -3
right_child=-2 2 -4 -5
leaf_value=-0.0067587729859431948 0.0075353587628342218 -0.00019327241472763426 -0.0064561755057762973 0.015928994375572075
leaf_weight=13.999999999999998 11.999999999999998 435 10.999999999999998 9.9999999999999982
leaf_count=14 12 435 11 10
internal_value=0 -0.000192392 9.20726e-06 0.000169026
internal_weight=0 470 456 445
internal_count=482 470 456 445
is_linear=0
shrinkage=0.1


Tree=78
num_leaves=5
num_cat=0
split_feature=4 4 7 7
split_gain=0.069142 0.0444682 0.0460596 0.234323
threshold=20.456122844087123 22.222225112644558 1.5797160216062323 1.4574206296343737
decision_type=2 2 2 2
left_child=-1 -2 3 -3
right_child=1 2 -4 -5
leaf_value=0.0078372098865326159 -0.0061924190008236721 -0.00019051887134774342 -0.0054759649734478447 0.015292438481119462
leaf_weight=10.999999999999998 11.999999999999998 434 14.999999999999998 9.9999999999999982
leaf_count=11 12 434 15 10
internal_value=0 -0.000183035 -2.59265e-05 0.000158196
internal_weight=0 471 459 444
internal_count=482 471 459 444
is_linear=0
shrinkage=0.1


Tree=79
num_leaves=5
num_cat=0
split_feature=6 13 35 9
split_gain=0.0617476 0.117974 0.0443691 0.213595
threshold=66.479277667319067 22.111111111111111 871.9874599222677 6.495777510162303
decision_type=2 2 2 2
left_child=1 -1 3 -3
right_child=-2 2 -4 -5
leaf_value=-0.0099686785639884583 0.007083451189100743 -9.3678355865786566e-05 -0.0052732950386901699 0.014017381514845925
leaf_weight=11.999999999999998 11.999999999999998 432 14.999999999999998 10.999999999999998
leaf_count=12 12 432 15 11
internal_value=0 -0.000180854 7.55955e-05 0.000256709
internal_weight=0 470 458 443
internal_count=482 470 458 443
is_linear=0
shrinkage=0.1


end of trees

feature_importances:
Cooling_Load_(kWh)=478
Average_Unmet_Cooling_Setpoint_Difference_(C)=44
Indoor_Relative_Humidity_(%)=35
Indoor_Temperature_(C)=33
Temperature_Set_Point_(C)=20
Outdoor_Relative_Humidity_(%)=17
12h_Outdoor_Relative_Humidity_(%)=11
Equipment_Electric_Power_(kWh)=10
kg_CO2/kWh=5
6h_Outdoor_Drybulb_Temperature_(C)=5
24h_Outdoor_Relative_Humidity_(%)=4
6h_Diffuse_Solar_Radiation_(W/m2)=4
Solar_Generation_(W/kW)=3
Outdoor_Drybulb_Temperature_(C)=3
Diffuse_Solar_Radiation_(W/m2)=3
24h_Direct_Solar_Radiation_(W/m2)=3
6h_Direct_Solar_Radiation_(W/m2)=2
Day_Type=1
12h_Prediction_Electricity_Pricing__$/kWh_=1
12h_Outdoor_Drybulb_Temperature_(C)=1
24h_Outdoor_Drybulb_Temperature_(C)=1
24h_Diffuse_Solar_Radiation_(W/m2)=1

parameters:
[boosting: gbdt]
[objective: regression]
[metric: l2]
[tree_learner: serial]
[device_type: cpu]
[data: ]
[valid: ]
[num_iterations: 80]
[learning_rate: 0.1]
[num_leaves: 16]
[num_threads: 1]
[deterministic: 0]
[force_col_wise: 0]
[force_row_wise: 0]
[histogram_pool_size: -1]
[max_depth: 4]
[min_data_in_leaf: 10]
[min_sum_hessian_in_leaf: 0.001]
[bagging_fraction: 0.9]
[pos_bagging_fraction: 1]
[neg_bagging_fraction: 1]
[bagging_freq: 0]
[bagging_seed: 3]
[feature_fraction: 0.9]
[feature_fraction_bynode: 1]
[feature_fraction_seed: 2]
[extra_trees: 0]
[extra_seed: 6]
[early_stopping_round: 0]
[first_metric_only: 0]
[max_delta_step: 0]
[lambda_l1: 0]
[lambda_l2: 0]
[linear_lambda: 0]
[min_gain_to_split: 0]
[drop_rate: 0.1]
[max_drop: 50]
[skip_drop: 0.5]
[xgboost_dart_mode: 0]
[uniform_drop: 0]
[drop_seed: 4]
[top_rate: 0.2]
[other_rate: 0.1]
[min_data_per_group: 100]
[max_cat_threshold: 32]
[cat_l2: 10]
[cat_smooth: 10]
[max_cat_to_onehot: 4]
[top_k: 20]
[monotone_constraints: ]
[monotone_constraints_method: basic]
[monotone_penalty: 0]
[feature_contri: ]
[forcedsplits_filename: ]
[refit_decay_rate: 0.9]
[cegb_tradeoff: 1]
[cegb_penalty_split: 0]
[cegb_penalty_feature_lazy: ]
[cegb_penalty_feature_coupled: ]
[path_smooth: 0]
[interaction_constraints: ]
[verbosity: -1]
[saved_feature_importance_type: 0]
[linear_tree: 0]
[max_bin: 255]
[max_bin_by_feature: ]
[min_data_in_bin: 3]
[bin_construct_sample_cnt: 200000]
[data_random_seed: 1]
[is_enable_sparse: 1]
[enable_bundle: 1]
[use_missing: 1]
[zero_as_missing: 0]
[feature_pre_filter: 1]
[pre_partition: 0]
[two_round: 0]
[header: 0]
[label_column: ]
[weight_column: ]
[group_column: ]
[ignore_column: ]
[categorical_feature: ]
[forcedbins_filename: ]
[precise_float_parser: 0]
[parser_config_file: ]
[objective_seed: 5]
[num_class: 1]
[is_unbalance: 0]
[scale_pos_weight: 1]
[sigmoid: 1]
[boost_from_average: 1]
[reg_sqrt: 0]
[alpha: 0.9]
[fair_c: 1]
[poisson_max_delta_step: 0.7]
[tweedie_variance_power: 1.5]
[lambdarank_truncation_level: 30]
[lambdarank_norm: 1]
[label_gain: ]
[lambdarank_position_bias_regularization: 0]
[eval_at: ]
[multi_error_top_k: 1]
[auc_mu_weights: ]
[num_machines: 1]
[local_listen_port: 12400]
[time_out: 120]
[machine_list_filename: ]
[machines: ]
[gpu_platform_id: -1]
[gpu_device_id: -1]
[gpu_use_dp: 0]
[num_gpu: 1]

end of parameters

pandas_categorical:[]
