tree
version=v4
num_class=1
num_tree_per_iteration=1
label_index=0
max_feature_idx=35
objective=regression
feature_names=Month Hour Day_Type Daylight_Savings_Status Indoor_Temperature_(C) Average_Unmet_Cooling_Setpoint_Difference_(C) Indoor_Relative_Humidity_(%) Equipment_Electric_Power_(kWh) DHW_Heating_(kWh) Cooling_Load_(kWh) Heating_Load_(kWh) Solar_Generation_(W/kW) Occupant_Count_(people) Temperature_Set_Point_(C) HVAC_Mode_(Off/Cooling/Heating) kg_CO2/kWh Electricity_Pricing__$/kWh_ 6h_Prediction_Electricity_Pricing__$/kWh_ 12h_Prediction_Electricity_Pricing__$/kWh_ 24h_Prediction_Electricity_Pricing__$/kWh_ Outdoor_Drybulb_Temperature_(C) Outdoor_Relative_Humidity_(%) Diffuse_Solar_Radiation_(W/m2) Direct_Solar_Radiation_(W/m2) 6h_Outdoor_Drybulb_Temperature_(C) 12h_Outdoor_Drybulb_Temperature_(C) 24h_Outdoor_Drybulb_Temperature_(C) 6h_Outdoor_Relative_Humidity_(%) 12h_Outdoor_Relative_Humidity_(%) 24h_Outdoor_Relative_Humidity_(%) 6h_Diffuse_Solar_Radiation_(W/m2) 12h_Diffuse_Solar_Radiation_(W/m2) 24h_Diffuse_Solar_Radiation_(W/m2) 6h_Direct_Solar_Radiation_(W/m2) 12h_Direct_Solar_Radiation_(W/m2) 24h_Direct_Solar_Radiation_(W/m2)
feature_infos=none [1:24] [1:7] none [21.675274662191104:24.999932147476983] [-1.4609243515427686:0.14651631718186309] [48.831595550716806:78.10605983234953] [0.16868312581394879:8.6652498573495276] [0:1.3129643214977718] [0:5.420441764584103] none [0:687.15852178569139] [0:1] [21.666666666666671:25.000000000000011] none [0.33751525247131398:0.54505021691256927] [0.028930000000000001:0.05867] [0.028930000000000001:0.05867] [0.028930000000000001:0.05867] [0.028930000000000001:0.05867] [21.379999999999999:40.32] [24.120000000000001:98.25] [0:408.69999999999999] [0:886.92999999999995] [21.385895012807637:40.448030901483051] [20.812239003382171:41.761423383460262] [20.947013524362529:40.33298102857114] [19.430299457014652:100] [18.750454935186248:100] [16.665542474905589:100] [0:448.59393372529718] [0:524.90876332100106] [0:486.88891634473225] [0:998.78608636720685] [0:1096.818864330259] [0:1148.8024499653848]
tree_sizes=1324 1383 1396 1485 1406 1390 1405 1380 1409 1394 1415 1402 1399 1425 1428 1397 1511 1436 1410 1434 1438 1439 1459 1360 1246 1159 1261 1478 1366 1299 1279 1199 1235 1286 1246 1295 1260 1243 1260 1159 1159 1476 1162 1169 900 1275 958 942 893 852 853 1012 832 1048 632 1127 715 620 708 1021 649 1055 634 722 749 937 704 1029 820 720 1024 710 650 942 838 1015 1045 951 830 833

Tree=0
num_leaves=15
num_cat=0
split_feature=9 9 9 9 9 9 9 9 9 9 9 9 9 9
split_gain=514.864 91.1472 61.0871 14.2444 10.5785 8.45551 8.18762 2.60245 1.27972 1.20659 1.12937 1.0539 0.702039 0.582787
threshold=1.8319069264998451 0.78845959364355389 3.0330052841585045 3.9759902100637654 2.4306097612223332 1.3172815525004413 0.30013065530291572 3.4592009981865011 1.080905708220653 1.5913511070676887 2.116886924747869 2.7294492345295018 0.52629943045692773 0.09969356448403531
decision_type=2 2 2 2 2 2 2 2 2 2 2 2 2 2
left_child=1 6 4 7 10 8 13 -4 -3 -7 -2 -6 -8 -1
right_child=2 5 3 -5 11 9 12 -9 -10 -11 -12 -13 -14 -15
leaf_value=1.3913138862070835 1.5869012516452363 1.4840779414102041 1.7140453069294701 1.8521397328533666 1.6483375466026799 1.535030354037531 1.4326729013458603 1.7573231683331665 1.5107416705447372 1.5609210811215577 1.6158248127105217 1.676452004925205 1.4554770461433622 1.4078371151445246
leaf_weight=74 27 36 33 11.999999999999998 24 45 27 24 36 30 27 30 27 30
leaf_count=74 27 36 33 12 24 45 27 24 36 30 27 30 27 30
internal_value=1.54395 1.46521 1.67962 1.75311 1.63266 1.52189 1.41248 1.73227 1.49741 1.54539 1.60136 1.66396 1.44407 1.39608
internal_weight=0 305 177 69 108 147 158 57 72 75 54 54 54 104
internal_count=482 305 177 69 108 147 158 57 72 75 54 54 54 104
is_linear=0
shrinkage=1


Tree=1
num_leaves=15
num_cat=0
split_feature=9 9 9 9 9 9 9 9 9 9 9 9 9 9
split_gain=417.122 69.5862 53.4043 12.0443 9.20362 6.46642 6.02204 1.95715 1.04125 1.01757 0.927904 0.886565 0.475013 0.470334
threshold=1.7922871284499007 0.74389966430365828 2.9770353799480942 3.9100236664054235 2.3794977626380027 1.2678989190646426 0.30013065530291572 3.3373344375602829 2.0921947243655947 1.0029946004312478 1.5091184481745243 2.6789381555950933 0.080544520998757266 0.56502453079426262
decision_type=2 2 2 2 2 2 2 2 2 2 2 2 2 2
left_child=1 6 4 7 8 9 12 -4 -2 -3 -7 -6 -1 -8
right_child=2 5 3 -5 11 10 13 -9 -10 -11 -12 -13 -14 -15
leaf_value=-0.13768691932651358 0.034552900989850359 -0.061448684583107628 0.14547086424297759 0.26571336428324382 0.090660577019055694 -0.014949621576251407 -0.099163701732953399 0.18258223851521813 0.061621851612020419 -0.035951343973477684 0.0074582479007187343 0.11644668936729433 -0.1231663591933973 -0.079650977963492992
leaf_weight=71 30 24 27 14.999999999999998 24 33 30 30 27 45 42 30 33 21
leaf_count=71 30 24 27 15 24 33 30 30 27 45 42 30 33 21
internal_value=0 -0.0727776 0.11891 0.185984 0.0754021 -0.0227269 -0.119276 0.165003 0.047375 -0.04482 -0.00240121 0.104986 -0.133079 -0.0911291
internal_weight=0 299 183 72 111 144 155 57 57 69 75 54 104 51
internal_count=482 299 183 72 111 144 155 57 57 69 75 54 104 51
is_linear=0
shrinkage=0.1


Tree=2
num_leaves=15
num_cat=0
split_feature=9 9 9 9 9 9 9 9 9 9 9 9 9 9
split_gain=338.1 61.5376 38.7266 9.15911 6.8775 5.86692 5.65675 1.65193 1.10659 0.76125 0.668987 0.593512 0.48167 0.480944
threshold=1.8696864797988957 0.81958606684678925 3.0664464337164921 3.9759902100637654 2.4820596921139431 0.34635448944475122 1.3804482174510844 3.624340758660316 1.1285954838743144 2.1931763079231255 2.7872582373472246 1.6576493000445331 0.61150861946362889 0.13220352486668988
decision_type=2 2 2 2 2 2 2 2 2 2 2 2 2 2
left_child=1 5 4 7 9 13 8 -4 -3 -2 -6 -8 -7 -1
right_child=2 6 3 -5 10 12 11 -9 -10 -11 -12 -13 -14 -15
leaf_value=-0.12311752334237099 0.03869478096564611 -0.046008461484542268 0.14486846668379647 0.25080280502637231 0.088654058509402806 -0.086324387969392735 -0.0016082023359125571 0.18693899909655254 -0.022615828861792885 0.062589080880085621 0.11091492551344413 0.018104963066677252 -0.06695101658503215 -0.10768231771610402
leaf_weight=80 30 39 42 11.999999999999998 27 33 42 11.999999999999998 42 24 27 24 21 27
leaf_count=80 30 39 42 12 27 33 42 12 42 24 27 24 21 27
internal_value=0 -0.0629504 0.111429 0.171778 0.0745495 -0.105661 -0.0161716 0.154217 -0.0338789 0.0493145 0.0997845 0.00556022 -0.0787903 -0.119223
internal_weight=0 308 174 66 108 161 147 54 81 54 54 66 54 107
internal_count=482 308 174 66 108 161 147 54 81 54 54 66 54 107
is_linear=0
shrinkage=0.1


Tree=3
num_leaves=16
num_cat=0
split_feature=9 9 9 9 9 9 9 7 9 9 9 9 9 9 9
split_gain=273.892 44.2798 36.4293 8.8808 5.50083 4.72375 3.25126 1.24586 1.12472 0.90904 0.671555 0.565769 0.539806 0.270159 0.269724
threshold=1.7651643081931463 0.7021826620486874 2.9234179801015632 3.7666209605068901 2.3243369941168401 1.2046829006710758 0.25127027983306055 0.56170324641364811 3.2806947012913996 1.4567857102405124 2.0302383450903894 0.92621305318922686 2.6098181292772327 0.058046374836889458 0.47913390934298966
decision_type=2 2 2 2 2 2 2 2 2 2 2 2 2 2 2
left_child=1 6 4 8 10 11 13 -5 -4 -7 -2 -3 -6 -1 -8
right_child=2 5 3 7 12 9 14 -9 -10 -11 -12 -13 -14 -15 -16
leaf_value=-0.11245753303650888 0.025839388569196067 -0.054294471566875779 0.11336278319358827 0.22830714941024774 0.067413372463650187 -0.016509572221409707 -0.084240822990735376 0.17953765175559305 0.14149584814354227 0.0039464033974541566 0.047578188225075056 -0.034472891398602067 0.088941713174184173 -0.10183465557220656 -0.06924848382671675
leaf_weight=62 30 24 30 10.000000000000002 18 42 24 10.999999999999998 27 45 27 36 33 39 24
leaf_count=62 30 24 30 10 18 42 24 11 27 45 27 36 33 39 24
internal_value=0 -0.0597553 0.0950944 0.14717 0.0574844 -0.0208157 -0.0981722 0.202761 0.126689 -0.0059289 0.0361367 -0.0424015 0.0813435 -0.108356 -0.0767447
internal_weight=0 296 186 78 108 147 149 21 57 87 57 60 51 101 48
internal_count=482 296 186 78 108 147 149 21 57 87 57 60 51 101 48
is_linear=0
shrinkage=0.1


Tree=4
num_leaves=15
num_cat=0
split_feature=9 9 9 9 9 9 9 9 9 9 9 9 9 9
split_gain=222.032 40.381 25.6498 5.71061 5.19729 4.20869 3.46453 0.799622 0.634552 0.611369 0.508965 0.410789 0.393999 0.325337
threshold=1.8696864797988957 0.83658221065989158 3.1427752687574819 3.9759902100637654 2.523737712009801 0.36883927867215865 1.3804482174510844 3.5540213896973354 1.1051086880157803 2.2065913911794719 2.8314502717390146 1.6230224499787569 0.15040004005526744 0.63395158894396908
decision_type=2 2 2 2 2 2 2 2 2 2 2 2 2 2
left_child=1 5 4 7 9 12 8 -4 -3 -2 -6 -8 -1 -7
right_child=2 6 3 -5 10 13 11 -9 -10 -11 -12 -13 -14 -15
leaf_value=-0.09957997008978603 0.032261285230968939 -0.037172524314938171 0.11909516182812779 0.2049238701661428 0.074832589427630103 -0.068270352934346065 -0.0027114427401051622 0.14694100300470989 -0.0189160207245085 0.053237469742695491 0.093757711958002171 0.013132720539967219 -0.085673312346140548 -0.052348379152161742
leaf_weight=83 33 33 33 11.999999999999998 30 33 36 14.999999999999998 45 24 27 30 27 21
leaf_count=83 33 33 33 12 30 33 36 15 45 24 27 30 27 21
internal_value=0 -0.0510133 0.0902994 0.143222 0.0624452 -0.0849424 -0.0123718 0.127797 -0.0266399 0.0410934 0.0837971 0.00449045 -0.0961665 -0.0620785
internal_weight=0 308 174 60 114 164 144 48 78 57 57 66 110 54
internal_count=482 308 174 60 114 164 144 48 78 57 57 66 110 54
is_linear=0
shrinkage=0.1


Tree=5
num_leaves=15
num_cat=0
split_feature=9 9 9 9 9 9 9 9 9 9 9 9 9 9
split_gain=179.959 27.2426 25.6513 6.23865 3.77223 2.99373 1.9191 1.59119 0.54199 0.461162 0.398268 0.334785 0.193208 0.157995
threshold=1.7246648131858267 0.6882110177408628 2.8913716783733139 3.9759902100637654 2.279924372757185 1.1707580087770368 0.25127027983306055 3.3977818742866344 1.4347214150513656 2.5391013881840978 1.9829547071474376 0.92621305318922686 0.04912420375336226 0.4564385320267757
decision_type=2 2 2 2 2 2 2 2 2 2 2 2 2 2
left_child=1 6 4 7 10 11 12 -4 -7 -6 -2 -3 -1 -8
right_child=2 5 3 -5 9 8 13 -9 -10 -11 -12 -13 -14 -15
leaf_value=-0.091500116101766046 0.01799831291039785 -0.044748191811420306 0.092990825420770903 0.1844314843416214 0.051226788759231569 -0.014810776578055488 -0.070238030950228375 0.12362405896186829 0.00098439727222458242 0.070183241728580356 0.034739366946397003 -0.029399266839027407 -0.082626044324466172 -0.058142926957872182
leaf_weight=59 30 27 39 11.999999999999998 21 45 18 30 42 33 27 30 42 27
leaf_count=59 30 27 39 12 21 45 18 30 42 33 27 30 42 27
internal_value=0 -0.0497182 0.0750951 0.117883 0.0438714 -0.0188564 -0.0801572 0.10631 -0.00718552 0.0628113 0.0259283 -0.0366698 -0.0878099 -0.062981
internal_weight=0 290 192 81 111 144 146 69 87 54 57 57 101 45
internal_count=482 290 192 81 111 144 146 69 87 54 57 57 101 45
is_linear=0
shrinkage=0.1


Tree=6
num_leaves=15
num_cat=0
split_feature=9 9 9 9 9 9 9 9 9 9 9 9 9 9
split_gain=145.864 27.2843 16.3461 3.71226 3.08589 2.99394 2.24685 0.587553 0.409629 0.389039 0.315562 0.27716 0.268926 0.202074
threshold=1.9154756038225418 0.86030212231157621 3.1427752687574819 3.9759902100637654 2.5391013881840978 0.39810794506862507 1.4094292617366662 3.624340758660316 2.24145271124643 1.1707580087770368 0.15040004005526744 1.6339658640515979 2.8141765161553649 0.63395158894396908
decision_type=2 2 2 2 2 2 2 2 2 2 2 2 2 2
left_child=1 5 4 7 8 10 9 -4 -2 -3 -1 -8 -6 -7
right_child=2 6 3 -5 12 13 11 -9 -10 -11 -12 -13 -14 -15
leaf_value=-0.080728564564004013 0.02799817603645903 -0.02801257094575299 0.097415962318579352 0.16598834594090781 0.060696997245152796 -0.054398089945316322 -0.001230302336625755 0.12296663622061413 0.04516817318896453 -0.013845896135483468 -0.068761666019757584 0.011784124374389649 0.074898926218350731 -0.042087294161319733
leaf_weight=83 33 36 36 11.999999999999998 24 30 36 11.999999999999998 24 42 30 30 30 24
leaf_count=83 33 36 36 12 24 30 36 12 24 42 30 30 30 24
internal_value=0 -0.0407913 0.0741878 0.116241 0.0514565 -0.0682956 -0.00889408 0.103804 0.0352276 -0.0203844 -0.0775515 0.00468535 0.068587 -0.0489266
internal_weight=0 311 171 60 111 167 144 48 57 78 113 66 54 54
internal_count=482 311 171 60 111 167 144 48 57 78 113 66 54 54
is_linear=0
shrinkage=0.1


Tree=7
num_leaves=15
num_cat=0
split_feature=9 9 9 9 9 9 9 9 9 9 9 9 9 9
split_gain=118.168 18.4791 16.396 3.81007 2.71907 1.79829 1.56682 0.557906 0.341574 0.281332 0.27722 0.274376 0.154616 0.137045
threshold=1.7485078409698915 0.72585657726327846 2.9497351783773618 3.8508390439054376 2.3243369941168401 1.2408118842545399 0.25127027983306055 3.3373344375602829 2.0302383450903894 2.6435491888032003 1.0029946004312478 1.4786134994027755 0.51362424226878767 0.04912420375336226
decision_type=2 2 2 2 2 2 2 2 2 2 2 2 2 2
left_child=1 6 4 7 8 10 13 -4 -2 -6 -3 -7 -8 -1
right_child=2 5 3 -5 9 11 12 -9 -10 -11 -12 -13 -14 -15
leaf_value=-0.07427724680658114 0.016283219465703675 -0.033918136027124193 0.07591083168983459 0.13807088534037273 0.045968905712167427 -0.0094739450667148985 -0.054858172822881628 0.095724973634437285 0.031449492551662309 0.060494698484738665 -0.020513662406139905 0.0023880003915669828 -0.043826904023687052 -0.066803450953392754
leaf_weight=59 33 27 30 18 24 39 27 27 27 30 36 39 24 42
leaf_count=59 33 27 30 18 24 39 27 27 27 30 36 39 24 42
internal_value=0 -0.0397671 0.0616495 0.0979623 0.0377594 -0.0136924 -0.0639547 0.0852965 0.023108 0.0540388 -0.0262584 -0.00354297 -0.049667 -0.0711693
internal_weight=0 293 189 75 114 141 152 57 60 54 63 78 51 101
internal_count=482 293 189 75 114 141 152 57 60 54 63 78 51 101
is_linear=0
shrinkage=0.1


Tree=8
num_leaves=15
num_cat=0
split_feature=9 9 9 9 9 9 9 9 9 9 9 9 9 9
split_gain=95.8108 17.9045 10.8121 2.41926 2.16131 1.97219 1.48455 0.317599 0.271721 0.23526 0.213978 0.212969 0.210749 0.131939
threshold=1.9154756038225418 0.86030212231157621 3.2005231055819716 3.9759902100637654 2.5391013881840978 0.39810794506862507 1.3537475508510624 3.624340758660316 2.1446268376725492 1.5913511070676887 0.12280433347137282 2.8562721331336278 1.063948316801073 0.59338742578246861
decision_type=2 2 2 2 2 2 2 2 2 2 2 2 2 2
left_child=1 5 4 7 8 10 12 -4 -2 -8 -1 -6 -3 -7
right_child=2 6 3 -5 11 13 9 -9 -10 -11 -12 -13 -14 -15
leaf_value=-0.065828085951990897 0.02048086958626906 -0.025025546799103422 0.07998259230093524 0.13558241923650105 0.050316355526447303 -0.045146525899569197 -0.002783505106829883 0.098980177938938152 0.034465020895004271 0.0086489141711758241 -0.056488502025604251 0.062558370607870603 -0.01354870554059744 -0.035198944211006167
leaf_weight=77 24 24 33 11.999999999999998 30 24 36 11.999999999999998 33 36 36 27 48 30
leaf_count=77 24 24 33 12 30 24 36 12 33 36 36 27 48 30
internal_value=0 -0.0330599 0.0601265 0.0956873 0.0423461 -0.0553403 -0.00722081 0.0850486 0.028577 0.0029327 -0.0628526 0.0561152 -0.0173743 -0.0396201
internal_weight=0 311 171 57 114 167 144 45 57 72 113 57 72 54
internal_count=482 311 171 57 114 167 144 45 57 72 113 57 72 54
is_linear=0
shrinkage=0.1


Tree=9
num_leaves=15
num_cat=0
split_feature=9 9 9 9 9 9 9 9 9 9 9 9 9 9
split_gain=77.6474 11.7374 11.1353 2.49279 2.05273 1.20759 0.94096 0.5183 0.280334 0.188431 0.175317 0.163161 0.0996102 0.0820324
threshold=1.7246648131858267 0.7021826620486874 2.9770353799480942 3.9759902100637654 2.3794977626380027 1.2306805539921104 0.21272632276791284 3.4294099596635359 1.9950773645254278 0.95410263968137632 2.7294492345295018 1.4786134994027755 0.46856296577187095 0.022402984454704653
decision_type=2 2 2 2 2 2 2 2 2 2 2 2 2 2
left_child=1 6 4 7 8 9 13 -4 -2 -3 -6 -7 -8 -1
right_child=2 5 3 -5 10 11 12 -9 -10 -11 -12 -13 -14 -15
leaf_value=-0.060519655401056464 0.012325572154738687 -0.02858960838229568 0.063689360474095208 0.12202417602141698 0.03943476875623067 -0.0078944584665199113 -0.04590030970672767 0.082371539319003081 0.025360112885634108 -0.017538319735063448 0.050830585205996481 0.001279983585441692 -0.0370461047799499 -0.054689365209535115
leaf_weight=55 33 27 33 11.999999999999998 27 42 24 27 33 36 27 36 27 43
leaf_count=55 33 27 33 12 27 42 24 27 33 36 27 36 27 43
internal_value=0 -0.0326581 0.0493274 0.0804176 0.0306733 -0.0119772 -0.0522287 0.0720963 0.0188428 -0.0222746 0.0451327 -0.0036601 -0.0412128 -0.0579615
internal_weight=0 290 192 72 120 141 149 60 66 63 54 78 51 98
internal_count=482 290 192 72 120 141 149 60 66 63 54 78 51 98
is_linear=0
shrinkage=0.1


Tree=10
num_leaves=15
num_cat=0
split_feature=9 9 9 9 9 9 9 9 9 9 9 9 9 9
split_gain=62.924 11.7628 7.15317 1.51708 1.48168 1.23033 1.00839 0.225385 0.220366 0.198389 0.159873 0.131192 0.111638 0.0776949
threshold=1.9154756038225418 0.78845959364355389 3.2192064245158867 2.6098181292772327 3.9759902100637654 1.2997915855978346 0.25127027983306055 1.5546643588616613 2.24145271124643 3.624340758660316 1.0230357846048086 2.8562721331336278 0.51362424226878767 0.022402984454704653
decision_type=2 2 2 2 2 2 2 2 2 2 2 2 2 2
left_child=1 6 3 8 9 10 13 -7 -2 -4 -3 -5 -8 -1
right_child=2 5 4 11 -6 7 12 -9 -10 -11 -12 -13 -14 -15
leaf_value=-0.054467691616578544 0.018251284347339112 -0.022926318645477298 0.065631403326988233 0.041457659889150553 0.10982175891598066 -0.0037234718631953007 -0.03996034419095075 0.0066628991482922664 0.030433017622541497 0.080845005810260773 -0.013063388087210201 0.051066012978553781 -0.031096925437450407 -0.048898440858592157
leaf_weight=55 33 27 30 27 11.999999999999998 45 27 39 27 11.999999999999998 42 30 30 46
leaf_count=55 33 27 30 27 12 45 27 39 27 12 42 30 30 46
internal_value=0 -0.0267918 0.0487267 0.0348318 0.0788323 -0.0070286 -0.0459297 0.00109877 0.0237331 0.0699781 -0.0169228 0.0465147 -0.0352954 -0.0519312
internal_weight=0 311 171 117 54 153 158 84 60 42 69 57 57 101
internal_count=482 311 171 117 54 153 158 84 60 42 69 57 57 101
is_linear=0
shrinkage=0.1


Tree=11
num_leaves=15
num_cat=0
split_feature=9 9 9 9 9 9 9 9 9 9 9 9 9 9
split_gain=51.013 7.70994 7.34572 1.54119 1.4861 0.859954 0.550868 0.282162 0.188085 0.149136 0.133587 0.10718 0.0581999 0.0535965
threshold=1.7246648131858267 0.6882110177408628 3.0664464337164921 2.3794977626380027 3.9759902100637654 1.1982090891412438 0.21272632276791284 3.5037545973180388 2.0921947243655947 2.7670150646989291 1.4094292617366662 0.95410263968137632 0.42902786134135651 0.07167798673835897
decision_type=2 2 2 2 2 2 2 2 2 2 2 2 2 2
left_child=1 6 3 8 7 11 13 -4 -2 -5 -7 -3 -8 -1
right_child=2 5 4 9 -6 10 12 -9 -10 -11 -12 -13 -14 -15
leaf_value=-0.048629224529633155 0.010838906486064961 -0.02342299833893776 0.054167852076617153 0.032439585626125332 0.098839580019315088 -0.0078053119186407482 -0.038382530874676177 0.068995737745648336 0.021696538505730806 0.042410730024178826 0.00019086472172704009 -0.014970001503825187 -0.031189946234226232 -0.043680793679121775
leaf_weight=65 39 30 33 30 11.999999999999998 39 18 21 27 30 45 30 30 33
leaf_count=65 39 30 33 30 12 39 18 21 27 30 45 30 30 33
internal_value=0 -0.0264709 0.0399821 0.0258257 0.0670079 -0.0100528 -0.042664 0.0599343 0.0152807 0.0374252 -0.00352165 -0.0191965 -0.0338872 -0.0469629
internal_weight=0 290 192 126 66 144 146 54 66 60 84 60 48 98
internal_count=482 290 192 126 66 144 146 54 66 60 84 60 48 98
is_linear=0
shrinkage=0.1


Tree=12
num_leaves=15
num_cat=0
split_feature=9 9 9 9 9 9 9 9 9 9 9 9 9 9
split_gain=41.3556 7.07941 5.24533 1.14159 1.02779 0.722389 0.599329 0.204241 0.12021 0.112911 0.112624 0.106352 0.0731586 0.044841
threshold=1.8047941683425586 0.74389966430365828 3.1250523441443678 3.9759902100637654 2.4306097612223332 1.2997915855978346 0.21272632276791284 3.5210372255014959 1.0418540860563146 2.1446268376725492 2.7670150646989291 1.5476131499350287 0.47913390934298966 0.022402984454704653
decision_type=2 2 2 2 2 2 2 2 2 2 2 2 2 2
left_child=1 6 4 7 9 8 13 -4 -3 -2 -6 -7 -8 -1
right_child=2 5 3 -5 10 11 12 -9 -10 -11 -12 -13 -14 -15
leaf_value=-0.044157998561859133 0.012003099060419834 -0.01848885633728721 0.050001158949100614 0.088955624774098407 0.029760226496943723 -0.0033615568608400372 -0.033147194540059127 0.063243449065420371 -0.010288238124205517 0.021017621333400408 0.038468910798881997 0.00422461104833267 -0.025972098062435785 -0.03984742497288904
leaf_weight=55 33 33 33 11.999999999999998 27 42 27 18 39 24 33 33 30 43
leaf_count=55 33 33 33 12 27 42 27 18 39 24 33 33 30 43
internal_value=0 -0.022614 0.0379412 0.0612046 0.0254147 -0.00689215 -0.0375243 0.0546749 -0.0140469 0.0157987 0.03455 -2.3643e-05 -0.0293708 -0.0422666
internal_weight=0 302 180 63 117 147 155 51 72 57 60 75 57 98
internal_count=482 302 180 63 117 147 155 51 72 57 60 75 57 98
is_linear=0
shrinkage=0.1


Tree=13
num_leaves=15
num_cat=0
split_feature=9 9 9 9 9 9 9 9 9 9 9 9 9 9
split_gain=33.5283 6.4556 3.71583 0.79075 0.740996 0.723823 0.507361 0.115224 0.0991126 0.0840896 0.0837418 0.0702788 0.0652044 0.0539093
threshold=1.9418087548549436 0.87515012978114315 3.2432304966829348 2.6306522874275458 0.39810794506862507 3.9759902100637654 1.3804482174510844 2.3015379334310344 3.624340758660316 1.6576493000445331 0.17313234279390682 1.1707580087770368 2.9497351783773618 0.63395158894396908
decision_type=2 2 2 2 2 2 2 2 2 2 2 2 2 2
left_child=1 4 3 7 10 8 11 -2 -4 -8 -1 -3 -5 -6
right_child=2 6 5 12 13 -7 9 -9 -10 -11 -12 -13 -14 -15
leaf_value=-0.038702671957570454 0.014647339077459444 -0.013044720414009961 0.048614030414157447 0.031788538893063864 -0.026110091507434846 0.080060061564048143 -0.00066503879553194908 0.02359253354370594 0.05953658595681191 0.0062668564915657051 -0.032318870999194962 -0.00677440705207678 0.038638894880811375 -0.019950858696743293
leaf_weight=86 36 33 27 33 30 11.999999999999998 42 24 11.999999999999998 30 27 39 24 27
leaf_count=86 36 33 27 33 30 12 42 24 12 30 27 39 24 27
internal_value=0 -0.0192918 0.0360573 0.0262383 -0.0324883 0.0585831 -0.00371252 0.0182254 0.0519748 0.00222325 -0.0371773 -0.0096483 0.0346729 -0.0231926
internal_weight=0 314 168 117 170 51 144 60 39 72 113 72 57 57
internal_count=482 314 168 117 170 51 144 60 39 72 113 72 57 57
is_linear=0
shrinkage=0.1


Tree=14
num_leaves=15
num_cat=0
split_feature=9 9 9 9 9 9 9 9 9 9 9 9 9 9
split_gain=27.1618 5.07779 3.12368 0.649522 0.626175 0.600348 0.389433 0.0927603 0.0786939 0.0770263 0.0746328 0.068301 0.044595 0.0357748
threshold=1.9154756038225418 0.87515012978114315 3.2192064245158867 2.523737712009801 3.9759902100637654 0.42902786134135651 1.3400211673505911 3.624340758660316 0.17313234279390682 2.8141765161553649 1.5546643588616613 2.1446268376725492 1.1051086880157803 0.63395158894396908
decision_type=2 2 2 2 2 2 2 2 2 2 2 2 2 2
left_child=1 5 3 11 7 8 12 -4 -1 -5 -8 -2 -3 -7
right_child=2 6 4 9 -6 13 10 -9 -10 -11 -12 -13 -14 -15
leaf_value=-0.034832405073698176 0.010807750777651866 -0.012298350008549515 0.043180027306079866 0.025692344539695319 0.072054057630399862 -0.023103575518837682 -0.0019253035257053045 0.053582928081353509 -0.028884149889151257 0.032758067134353856 0.0043888054414986614 0.017964966694513956 -0.0070114517154601904 -0.017955772854663706
leaf_weight=86 24 27 30 27 11.999999999999998 27 36 11.999999999999998 30 36 39 30 39 27
leaf_count=86 24 27 30 27 12 27 36 12 30 36 39 30 39 27
internal_value=0 -0.0176025 0.0320138 0.0228318 0.0519082 -0.0292395 -0.00357198 0.0461523 -0.0332941 0.0297299 0.00135803 0.014784 -0.00917427 -0.0205297
internal_weight=0 311 171 117 54 170 141 42 116 63 75 54 66 54
internal_count=482 311 171 117 54 170 141 42 116 63 75 54 66 54
is_linear=0
shrinkage=0.1


Tree=15
num_leaves=15
num_cat=0
split_feature=9 9 9 9 9 9 9 9 9 9 9 9 9 9
split_gain=22.0192 3.31605 3.18168 0.704829 0.605508 0.39906 0.216065 0.101899 0.0653611 0.0611626 0.0596774 0.0539692 0.0282518 0.0217664
threshold=1.7246648131858267 0.63395158894396908 3.1250523441443678 2.3015379334310344 3.8508390439054376 1.1982090891412438 0.19905016111259885 2.6789381555950933 3.3977818742866344 1.9622158167714672 1.5169331955808063 0.92621305318922686 0.42902786134135651 0.022402984454704653
decision_type=2 2 2 2 2 2 2 2 2 2 2 2 2 2
left_child=1 6 3 9 8 11 13 -5 -4 -2 -7 -3 -8 -1
right_child=2 5 4 7 -6 10 12 -9 -10 -11 -12 -13 -14 -15
leaf_value=-0.03238868903030049 0.0058153165711296931 -0.015930376797914505 0.034413777362732663 0.019783059557278951 0.060189438091280557 -0.0043188015680277244 -0.025508637167513372 0.027535111476213504 0.042053024098277096 0.012233020681323427 0.0012439173964473109 -0.010069999369707976 -0.020793218027662347 -0.029251755331013651
leaf_weight=55 27 30 21 30 18 54 24 39 24 33 30 33 27 37
leaf_count=55 27 30 21 30 18 54 24 39 24 33 30 33 27 37
internal_value=0 -0.0173912 0.0262679 0.0172718 0.0446884 -0.00684435 -0.028233 0.0241647 0.038488 0.00934505 -0.00233212 -0.0128607 -0.0230122 -0.0311271
internal_weight=0 290 192 129 63 147 143 69 45 60 84 63 51 92
internal_count=482 290 192 129 63 147 143 69 45 60 84 63 51 92
is_linear=0
shrinkage=0.1


Tree=16
num_leaves=16
num_cat=0
split_feature=9 9 9 9 7 9 9 9 9 9 9 9 9 9 9
split_gain=17.8386 2.667 2.60055 0.623422 0.624267 0.461156 0.305013 0.17529 0.077443 0.0599039 0.0543228 0.0465002 0.0324088 0.02616 0.0147727
threshold=1.6740218919248109 2.9497351783773618 0.63395158894396908 3.7666209605068901 0.56170324641364811 2.279924372757185 1.2306805539921104 0.18689992492018911 3.2806947012913996 2.6435491888032003 0.95410263968137632 1.9622158167714672 1.4347214150513656 0.42902786134135651 0.022402984454704653
decision_type=2 2 2 2 2 2 2 2 2 2 2 2 2 2 2
left_child=2 5 7 8 -5 11 10 14 -3 -7 -4 -2 -8 -9 -1
right_child=1 3 6 4 -6 9 12 13 -10 -11 -12 -13 -14 -15 -16
leaf_value=-0.029149820316921583 0.0051102772851785022 0.028659307515179672 -0.014100438853104911 0.07083491593599317 0.036312718045982448 0.017132748415072761 -0.0041207751776609156 -0.023115912907653385 0.036233289153487599 0.023452239185571672 -0.0084834010133312803 0.010678051759799322 4.0039741911758219e-05 -0.018713896252490855 -0.026498245842316571
leaf_weight=55 30 27 33 10.000000000000002 10.999999999999998 30 36 27 27 30 36 30 39 27 34
leaf_count=55 30 27 33 10 11 30 36 27 27 30 36 30 39 27 34
internal_value=0 0.0233389 -0.0158575 0.0381319 0.0527519 0.0140933 -0.00637155 -0.0254097 0.0324463 0.0202925 -0.0111698 0.00789416 -0.00195715 -0.0209149 -0.0281369
internal_weight=0 195 287 75 21 120 144 143 54 60 69 60 75 54 89
internal_count=482 195 287 75 21 120 144 143 54 60 69 60 75 54 89
is_linear=0
shrinkage=0.1


Tree=17
num_leaves=15
num_cat=0
split_feature=9 9 9 5 9 9 8 9 9 9 9 9 9 9
split_gain=14.4505 2.47694 1.85241 0.500093 0.41418 0.260977 0.254097 0.210337 0.0505441 0.0436144 0.0422714 0.0381759 0.0249061 0.0227875
threshold=1.8047941683425586 0.74389966430365828 3.2005231055819716 -0.0034912265339367998 2.4306097612223332 1.2997915855978346 0.22688451188358072 0.25127027983306055 2.7670150646989291 2.0921947243655947 1.0230357846048086 1.5274948368723364 0.52629943045692773 0.07167798673835897
decision_type=2 2 2 2 2 2 2 2 2 2 2 2 2 2
left_child=1 7 4 6 9 10 -4 13 -6 -2 -3 -7 -9 -1
right_child=2 5 3 -5 8 11 -8 12 -10 -11 -12 -13 -14 -15
leaf_value=-0.025998514157075148 0.006361905209444187 -0.011235328788558643 0.028944921948843533 0.057636448144912727 0.017588669558366143 -0.0021072525850449426 0.046310959349979058 -0.019069999506076178 0.023217172767871469 0.011901909162600836 -0.0063205439774763027 0.002408620427983503 -0.014748012460768224 -0.022862330368823475
leaf_weight=65 27 30 36 9.9999999999999982 27 39 10.999999999999998 30 39 30 42 36 24 36
leaf_count=65 27 30 36 10 27 39 11 30 39 30 42 36 24 36
internal_value=0 -0.0133675 0.0224277 0.0373299 0.0155219 -0.00406799 0.0330093 -0.0221871 0.0209146 0.0092777 -0.00836837 6.03665e-05 -0.0171491 -0.0248807
internal_weight=0 302 180 57 123 147 47 155 66 57 72 75 54 101
internal_count=482 302 180 57 123 147 47 155 66 57 72 75 54 101
is_linear=0
shrinkage=0.1


Tree=18
num_leaves=15
num_cat=0
split_feature=9 9 9 9 9 9 9 9 9 9 9 9 9 9
split_gain=11.7184 1.75907 1.70687 0.46522 0.27906 0.163146 0.156421 0.10364 0.0330566 0.032705 0.0306878 0.0218317 0.0148313 0.0139102
threshold=1.6740218919248109 2.9234179801015632 0.72585657726327846 3.9759902100637654 2.279924372757185 1.2568431893066137 0.20260106713777024 3.2806947012913996 2.6306522874275458 1.0134773429581225 1.9950773645254278 0.52629943045692773 1.5274948368723364 1.0000000180025095e-35
decision_type=2 2 2 2 2 2 2 2 2 2 2 2 2 2
left_child=2 4 6 7 10 9 13 -3 -6 -4 -2 -8 -7 -1
right_child=1 3 5 -5 8 12 11 -9 -10 -11 -12 -13 -14 -15
leaf_value=-0.023729126155376437 0.0045546374180250697 0.022914657294750215 -0.010551697996755441 0.048660517608126008 0.013633491374828197 -0.002139055323528333 -0.017473626550700932 0.030873023263282246 0.018456566482782363 -0.0061599353662668138 0.0091710177560647334 -0.01341648389186178 0.0010793909674421663 -0.021302421763539317
leaf_weight=51 36 30 30 11.999999999999998 27 45 36 36 30 39 24 21 21 44
leaf_count=51 36 30 30 12 27 45 36 36 30 39 24 21 21 44
internal_value=0 0.0189162 -0.0128525 0.0305487 0.0111613 -0.00466947 -0.0201203 0.0272556 0.016172 -0.0080694 0.00640119 -0.0159789 -0.001115 -0.0226052
internal_weight=0 195 287 78 117 135 152 66 57 69 60 57 66 95
internal_count=482 195 287 78 117 135 152 66 57 69 60 57 66 95
is_linear=0
shrinkage=0.1


Tree=19
num_leaves=15
num_cat=0
split_feature=9 9 9 4 9 9 9 2 9 9 9 9 9 9
split_gain=9.49331 1.83102 1.06711 0.38175 0.241163 0.212344 0.147967 0.142741 0.0289345 0.0287321 0.0286058 0.0219774 0.0184715 0.0157034
threshold=1.9418087548549436 0.87515012978114315 3.2806947012913996 24.988637493080347 2.6098181292772327 0.36883927867215865 1.3400211673505911 5.5000000000000009 2.2065913911794719 2.8913716783733139 1.5913511070676887 0.078496101266817372 0.59338742578246861 1.1051086880157803
decision_type=2 2 2 2 2 2 2 2 2 2 2 2 2 2
left_child=1 5 4 -4 8 11 13 -5 -2 -6 -8 -1 -7 -3
right_child=2 6 3 7 9 12 10 -9 -10 -11 -12 -13 -14 -15
leaf_value=-0.021014565580031452 0.0070580052970736122 -0.0073069554788094977 0.043301038278473751 0.029757548421621316 0.016170262893040976 -0.014447891270672834 -0.00093468635653456067 0.015124989487230778 0.011570358475049338 0.020446251061829655 0.0028954109988915617 -0.018105150759220125 -0.010921035865039537 -0.0041696666954801637
leaf_weight=68 27 27 18 20.000000000000004 30 27 39 9.9999999999999982 30 33 39 42 33 39
leaf_count=68 27 27 18 20 30 27 39 10 30 33 39 42 33 39
internal_value=0 -0.0102654 0.0191865 0.0317879 0.0141459 -0.0172935 -0.00196831 0.02488 0.00943293 0.0184101 0.000980362 -0.0199037 -0.0125081 -0.0054531
internal_weight=0 314 168 48 120 170 144 30 57 63 78 110 60 66
internal_count=482 314 168 48 120 170 144 30 57 63 78 110 60 66
is_linear=0
shrinkage=0.1


Tree=20
num_leaves=15
num_cat=0
split_feature=9 9 9 4 9 8 9 9 9 9 9 9 9 9
split_gain=7.69848 1.15928 1.12437 0.375363 0.231294 0.195533 0.113639 0.106775 0.0261936 0.0251236 0.0183839 0.0158769 0.0122218 0.00904974
threshold=1.7246648131858267 0.74389966430365828 3.0664464337164921 23.881063360571357 2.3243369941168401 0.32387242657028298 0.34635448944475122 1.2568431893066137 2.6789381555950933 2.0302383450903894 1.0418540860563146 0.07167798673835897 1.5245054717129147 0.56502453079426262
decision_type=2 2 2 2 2 2 2 2 2 2 2 2 2 2
left_child=1 6 4 -4 9 -5 11 10 -6 -2 -3 -1 -9 -8
right_child=2 7 3 5 8 -7 13 12 -10 -11 -12 -13 -14 -15
leaf_value=-0.018976559914075413 0.0039796371426847254 -0.0080530034660389934 0.043951754570007329 0.020163520532862647 0.011923500757526469 0.035592086017131812 -0.013352130436235005 -0.0018250657467260248 0.016043859409789245 0.0080149554544025007 -0.0047150767662308439 -0.016482002926724301 0.00090193463472166549 -0.01058425186645417
leaf_weight=65 36 33 9.9999999999999982 46 27 9.9999999999999982 27 42 36 27 33 42 27 21
leaf_count=65 36 33 10 46 27 10 27 42 36 27 33 42 27 21
internal_value=0 -0.0102833 0.015532 0.0261055 0.00999353 0.0229186 -0.0161839 -0.0035085 0.014278 0.00570906 -0.00638404 -0.0179974 -0.000757979 -0.0121412
internal_weight=0 290 192 66 126 56 155 135 63 63 66 107 69 48
internal_count=482 290 192 66 126 56 155 135 63 63 66 107 69 48
is_linear=0
shrinkage=0.1


Tree=21
num_leaves=15
num_cat=0
split_feature=9 9 9 35 9 9 26 9 9 9 9 9 9 9
split_gain=6.23859 1.09962 0.790126 0.300994 0.186967 0.13882 0.138091 0.0801417 0.023555 0.0184951 0.0169816 0.0142597 0.00962951 0.00861691
threshold=1.8319069264998451 0.87515012978114315 3.2432304966829348 345.4524559325809 2.4820596921139431 0.39810794506862507 35.440253468942664 1.3340591402796342 2.8562721331336278 2.1446268376725492 0.09969356448403531 1.5476131499350287 0.59338742578246861 1.1285954838743144
decision_type=2 2 2 2 2 2 2 2 2 2 2 2 2 2
left_child=1 5 4 -4 9 10 -5 13 -6 -2 -1 -9 -7 -3
right_child=2 7 3 6 8 12 -8 11 -10 -11 -12 -13 -14 -15
leaf_value=-0.016937006123968073 0.0047364239456752942 -0.0057600782439112671 0.038570513977454257 0.028011351451277734 0.012415692727598879 -0.011518116233249505 0.015801694946871562 -0.0010569681478146877 0.016114465847159875 0.0083440649702593139 -0.01435842487292412 0.001757644542441186 -0.0088855639325849944 -0.003418393156519442
leaf_weight=74 30 30 12.999999999999998 15.999999999999998 36 24 22 36 33 27 39 36 33 33
leaf_count=74 30 30 13 16 36 24 22 36 33 27 39 36 33 33
internal_value=0 -0.00866676 0.0149342 0.025436 0.0106835 -0.0140175 0.0209426 -0.00192878 0.0141847 0.00644531 -0.0160471 0.000350338 -0.00999401 -0.00453348
internal_weight=0 305 177 51 126 170 38 135 69 57 113 72 57 63
internal_count=482 305 177 51 126 170 38 135 69 57 113 72 57 63
is_linear=0
shrinkage=0.1


Tree=22
num_leaves=15
num_cat=0
split_feature=9 9 9 4 9 32 9 9 9 9 9 9 9 9
split_gain=5.05913 0.762598 0.734734 0.350773 0.266945 0.110575 0.0763987 0.06483 0.0326997 0.0240723 0.012067 0.0111743 0.00686991 0.005804
threshold=1.6740218919248109 3.4294099596635359 0.74389966430365828 24.988637493080347 2.4306097612223332 168.0115471901166 0.19905016111259885 1.2464935163805084 2.8562721331336278 2.0921947243655947 0.4564385320267757 1.0134773429581225 1.5169331955808063 1.0000000180025095e-35
decision_type=2 2 2 2 2 2 2 2 2 2 2 2 2 2
left_child=2 4 6 -3 9 -5 13 11 -6 -2 -8 -4 -9 -1
right_child=1 3 7 5 8 -7 10 12 -10 -11 -12 -13 -14 -15
leaf_value=-0.015663400292396545 0.0032887982470648628 0.037609482210661682 -0.0068191481271275764 0.023269430696964258 0.011012673874696096 0.0096940247155725967 -0.012029257554698873 -0.0016444400382516463 0.014968826886680393 0.0069976557418704038 -0.0092326176042358092 -0.0041279348699996866 0.00040008975737253894 -0.014065386536644726
leaf_weight=51 42 13.999999999999998 27 15.000000000000002 39 9.9999999999999982 27 42 45 30 36 36 27 41
leaf_count=51 42 14 27 15 39 10 27 42 45 30 36 36 27 41
internal_value=0 0.0124291 -0.00844483 0.0249363 0.00930225 0.0178393 -0.0131141 -0.00296202 0.013132 0.00483416 -0.0104312 -0.00528131 -0.000844407 -0.0149512
internal_weight=0 195 287 39 156 25 155 132 84 72 63 63 69 92
internal_count=482 195 287 39 156 25 155 132 84 72 63 63 69 92
is_linear=0
shrinkage=0.1


Tree=23
num_leaves=14
num_cat=0
split_feature=9 9 9 7 9 9 9 9 9 9 9 9 9
split_gain=4.10193 0.811317 0.481688 0.256605 0.13898 0.0911076 0.0670094 0.0172196 0.0158356 0.0104063 0.0101916 0.00936348 0.00796079
threshold=1.9622158167714672 0.87515012978114315 3.5210372255014959 0.56170324641364811 2.6789381555950933 0.36883927867215865 1.4347214150513656 3.1250523441443678 2.3015379334310344 1.1707580087770368 0.022402984454704653 1.6740218919248109 0.59338742578246861
decision_type=2 2 2 2 2 2 2 2 2 2 2 2 2
left_child=1 5 4 -4 8 10 9 -6 -2 -3 -1 -8 -7
right_child=2 6 3 -5 7 12 11 -9 -10 -11 -12 -13 -14
leaf_value=-0.014032193178480321 0.005297932367433201 -0.0045720410279252314 0.032335942720665645 0.013672276417939708 0.011818432177488621 -0.0094987896305543402 3.3205106499222803e-05 0.014922192602446586 0.0084723906964063646 -0.00223411051556468 -0.012107082916931675 0.0023831102803039059 -0.0071834488687190145
leaf_weight=55 33 33 17.000000000000004 12.999999999999998 39 27 39 33 30 45 55 30 33
leaf_count=55 33 33 17 13 39 27 39 33 30 45 55 30 33
internal_value=0 -0.00665554 0.0127867 0.0242484 0.0102397 -0.0113599 -0.00121513 0.013241 0.00680958 -0.00322323 -0.0130696 0.0010549 -0.00822535
internal_weight=0 317 165 30 135 170 147 72 63 78 110 69 60
internal_count=482 317 165 30 135 170 147 72 63 78 110 69 60
is_linear=0
shrinkage=0.1


Tree=24
num_leaves=13
num_cat=0
split_feature=9 9 9 9 9 9 9 9 9 9 9 9
split_gain=3.32311 0.638552 0.42678 0.155931 0.074147 0.0520428 0.020893 0.0195965 0.0115058 0.0103472 0.00474653 0.0041326
threshold=1.9418087548549436 0.87515012978114315 3.8508390439054376 2.7670150646989291 0.42902786134135651 1.3340591402796342 3.2005231055819716 2.3015379334310344 0.18689992492018911 1.5913511070676887 1.063948316801073 0.59338742578246861
decision_type=2 2 2 2 2 2 2 2 2 2 2 2
left_child=1 4 3 7 8 10 -5 -2 -1 -7 -3 -6
right_child=2 5 -4 6 11 9 -8 -9 -10 -11 -12 -13
leaf_value=-0.012197371396455874 0.0046000703755352231 -0.0045568677020214853 0.025901446351781487 0.011066746826355275 -0.0082595979883557276 -0.0005862503094249405 0.014340028243187149 0.0078996093529793959 -0.0098406338857279889 0.0016757710936638971 -0.002715568920774829 -0.0064651039287899476
leaf_weight=89 36 21 18 39 21 42 39 36 27 39 42 33
leaf_count=89 36 21 18 39 21 42 39 36 27 39 42 33
internal_value=0 -0.0060735 0.0113517 0.00960568 -0.0102239 -0.00117372 0.0127034 0.00624984 -0.0116488 0.000502871 -0.00332934 -0.00716296
internal_weight=0 314 168 150 170 144 78 72 116 81 63 54
internal_count=482 314 168 150 170 144 78 72 116 81 63 54
is_linear=0
shrinkage=0.1


Tree=25
num_leaves=11
num_cat=0
split_feature=21 5 21 5 8 5 5 8 4 7
split_gain=2.2213 0.402062 0.290164 0.234225 0.144149 0.113942 0.0767639 0.0424824 0.0418869 0.0355527
threshold=56.435000000000009 0.0066324778308199514 80.125000000000014 -0.0033077303982763993 0.22688451188358072 1.0000000180025095e-35 -0.0091349468190173484 0.43440706682721014 24.997527280832021 0.2791540300187198
decision_type=2 2 2 2 2 2 2 2 2 2
left_child=1 3 6 4 -1 9 -2 -8 -5 -4
right_child=2 -3 5 8 -6 -7 7 -9 -10 -11
leaf_value=0.009254558477550745 -0.0094938810628194086 0.0271082687784325 -0.010307923129626683 0.0056973503934892103 0.02139642391015183 -0.0011849477234806584 -0.0019549670083686896 0.0048268736060708764 0.00099554467291454777 -0.0062975178007036448
leaf_weight=88 12.999999999999998 10.999999999999998 105 36 10.999999999999998 19 121 9.9999999999999982 40 28
leaf_count=88 13 11 105 36 11 19 121 10 40 28
internal_value=0 0.00856387 -0.00538135 0.00739822 0.0106037 -0.00842879 -0.0021646 -0.00143727 0.00322272 -0.00946363
internal_weight=0 186 296 175 99 152 144 131 76 133
internal_count=482 186 296 175 99 152 144 131 76 133
is_linear=0
shrinkage=0.1


Tree=26
num_leaves=13
num_cat=0
split_feature=9 9 9 9 9 9 9 9 9 9 9 9
split_gain=2.25094 0.343363 0.342921 0.151558 0.0406766 0.0285473 0.0243788 0.0198925 0.00610117 0.00469836 0.00302458 0.00292757
threshold=1.7485078409698915 0.83658221065989158 3.8508390439054376 2.7294492345295018 0.18689992492018911 1.2568431893066137 2.1446268376725492 3.2005231055819716 0.56502453079426262 1.5245054717129147 1.0418540860563146 1.0000000180025095e-35
decision_type=2 2 2 2 2 2 2 2 2 2 2 2
left_child=1 4 3 6 11 10 -2 -5 -6 -7 -3 -1
right_child=2 5 -4 7 8 9 -8 -9 -10 -11 -12 -13
leaf_value=-0.010465422900868398 0.002542907657057402 -0.0041547795447210469 0.02163755473577314 0.0087546935837183679 -0.0075454614063104001 -0.00098779703593685386 0.0058419075639297574 0.011891084068860764 -0.0057043908412257836 0.00065073149678937633 -0.0026793881234797568 -0.0093059202165980091
leaf_weight=51 42 24 18 42 45 42 48 39 30 30 33 38
leaf_count=51 42 24 18 42 45 42 48 39 30 30 33 38
internal_value=0 -0.00548853 0.00850867 0.00712668 -0.00852463 -0.00162868 0.00430237 0.0102648 -0.00680903 -0.000305077 -0.00330061 -0.00997035
internal_weight=0 293 189 171 164 129 90 81 75 72 57 89
internal_count=482 293 189 171 164 129 90 81 75 72 57 89
is_linear=0
shrinkage=0.1


Tree=27
num_leaves=15
num_cat=0
split_feature=9 9 9 35 32 9 9 9 9 9 9 9 9 9
split_gain=1.82431 0.293074 0.259675 0.24274 0.11875 0.0923493 0.028583 0.0235987 0.0103377 0.00967347 0.00407047 0.00317494 0.00282612 0.00237133
threshold=1.6740218919248109 3.4294099596635359 0.78845959364355389 353.68354041137383 187.50747483572351 2.4820596921139431 0.18689992492018911 1.2464935163805084 2.9497351783773618 1.9950773645254278 0.42902786134135651 1.0134773429581225 1.5245054717129147 1.0000000180025095e-35
decision_type=2 2 2 2 2 2 2 2 2 2 2 2 2 2
left_child=2 5 6 -3 -5 9 13 11 -7 -2 -8 -4 -9 -1
right_child=1 3 7 4 -6 8 10 12 -10 -11 -12 -13 -14 -15
leaf_value=-0.0094188807641758642 0.0018146366834925075 0.028652170225977897 -0.0040834943919132154 0.015226789897209717 0.0017638853937387467 0.0068559932046466411 -0.0072194324185450871 -0.00094827346167423651 0.0091295089883108929 0.0040878396027554309 -0.005645665038554442 -0.0025986320985895064 0.00039544480484134212 -0.0083753282498372234
leaf_weight=51 36 9.9999999999999982 24 19.000000000000004 9.9999999999999982 45 27 45 36 39 42 36 24 38
leaf_count=51 36 10 24 19 10 45 27 45 36 39 42 36 24 38
internal_value=0 0.00746361 -0.00507109 0.0152172 0.0105844 0.00552522 -0.00778904 -0.00174214 0.00786644 0.0029967 -0.00626149 -0.00319258 -0.000480893 -0.00897332
internal_weight=0 195 287 39 29 156 158 129 81 75 69 60 69 89
internal_count=482 195 287 39 29 156 158 129 81 75 69 60 69 89
is_linear=0
shrinkage=0.1


Tree=28
num_leaves=13
num_cat=0
split_feature=20 5 20 4 8 5 21 5 6 4 5 4
split_gain=1.20379 0.281548 0.186471 0.103089 0.0801027 0.0787414 0.0345182 0.0246271 0.0194384 0.0147265 0.0136872 0.00471047
threshold=30.810000000000006 0.0066324778308199514 25.545000000000005 24.996504061428904 0.22688451188358072 1.0000000180025095e-35 67.410000000000011 0.0066324778308199514 58.137309495089994 24.997527280832021 -0.043649794583767894 23.335016459266694
decision_type=2 2 2 2 2 2 2 2 2 2 2 2
left_child=2 3 5 4 -2 10 8 -8 -4 -5 -1 -7
right_child=1 -3 6 9 -6 11 7 -9 -10 -11 -12 -13
leaf_value=-0.008307765213151774 0.0065110123153407501 0.022939024884253742 -0.00059030283581315806 0.003974557220975965 0.014902669692841861 0.001075021445212769 -0.0033625088497310097 0.0015122201225797958 0.0034630961258274814 0.00083950277992464115 -0.006242611988758048 -0.0019943349831737576
leaf_weight=60 91 9.9999999999999982 56 29 12.999999999999998 10.000000000000002 76 11.999999999999998 14.999999999999998 31 69 9.9999999999999982
leaf_count=60 91 10 56 29 13 10 76 12 15 31 69 10
internal_value=0 0.00664893 -0.00375621 0.00565563 0.00755997 -0.00629798 -0.00137431 -0.00269777 0.000266049 0.00235478 -0.00720315 -0.000459657
internal_weight=0 174 308 164 104 149 159 88 71 60 129 20
internal_count=482 174 308 164 104 149 159 88 71 60 129 20
is_linear=0
shrinkage=0.1


Tree=29
num_leaves=13
num_cat=0
split_feature=9 9 9 9 9 9 9 9 9 9 9 9
split_gain=1.23018 0.213646 0.17233 0.104433 0.0225836 0.0172016 0.0139118 0.0128788 0.00372615 0.00172524 0.00134468 0.00123695
threshold=1.6740218919248109 3.9759902100637654 0.86030212231157621 2.7872582373472246 0.18689992492018911 2.1446268376725492 3.2005231055819716 1.2568431893066137 0.56502453079426262 1.5245054717129147 1.0000000180025095e-35 1.1982090891412438
decision_type=2 2 2 2 2 2 2 2 2 2 2 2
left_child=2 3 4 5 10 -2 -5 11 -6 -9 -1 -4
right_child=1 -3 7 6 8 -7 -8 9 -10 -11 -12 -13
leaf_value=-0.0076656087794724631 0.0017751270049150966 0.019054959869633119 -0.0027156602555456072 0.0064968159205616551 -0.0055911266307036092 0.0043768862969483496 0.0091342222525013818 -0.00072294792695347929 -0.0041921374246929634 0.00033988961604336509 -0.0068797810591365166 -0.0016471102725093565
leaf_weight=51 48 11.999999999999998 39 36 45 54 45 42 33 24 38 14.999999999999998
leaf_count=51 48 12 39 36 45 54 45 42 33 24 38 15
internal_value=0 0.00612894 -0.00416426 0.00528133 -0.00624143 0.00315253 0.00796204 -0.00127353 -0.00499925 -0.000336462 -0.00733009 -0.00241884
internal_weight=0 195 287 183 167 102 81 120 78 66 89 54
internal_count=482 195 287 183 167 102 81 120 78 66 89 54
is_linear=0
shrinkage=0.1


Tree=30
num_leaves=13
num_cat=0
split_feature=9 9 9 9 9 9 9 9 9 9 9 9
split_gain=0.996449 0.173053 0.139726 0.0845904 0.0161211 0.0139333 0.0127255 0.0114215 0.00204628 0.00181521 0.0017722 0.00108919
threshold=1.6740218919248109 3.9759902100637654 0.72585657726327846 2.7872582373472246 1.2306805539921104 2.1446268376725492 0.18689992492018911 3.4294099596635359 1.4786134994027755 0.92621305318922686 0.42902786134135651 1.0000000180025095e-35
decision_type=2 2 2 2 2 2 2 2 2 2 2 2
left_child=2 3 6 5 9 -2 11 -5 -6 -4 -8 -1
right_child=1 -3 4 7 8 -7 10 -9 -10 -11 -12 -13
leaf_value=-0.0068990483149593959 0.001597614303894564 0.017149464242781201 -0.0033778864136409198 0.0063261765098475203 -0.00089215931535970103 0.0039391976559138 -0.005352153118561815 0.008845159418329045 0.00016012102344327352 -0.0022247078225541956 -0.0042804038048618372 -0.0061918029561638839
leaf_weight=51 48 11.999999999999998 21 54 42 54 27 27 33 39 36 38
leaf_count=51 48 12 21 54 42 54 27 27 33 39 36 38
internal_value=0 0.00551604 -0.00374783 0.0047532 -0.00140656 0.00283728 -0.00582725 0.00716584 -0.000429156 -0.00262832 -0.00473972 -0.00659708
internal_weight=0 195 287 183 135 102 152 81 75 60 63 89
internal_count=482 195 287 183 135 102 152 81 75 60 63 89
is_linear=0
shrinkage=0.1


Tree=31
num_leaves=11
num_cat=0
split_feature=20 13 21 8 21 5 7 8 4 21
split_gain=0.66565 0.27482 0.141597 0.0655857 0.0626021 0.0480801 0.0233997 0.0162832 0.0138771 0.00345026
threshold=32.900000000000013 23.694444444444446 73.845000000000013 0.22688451188358072 29.815000000000001 1.0000000180025095e-35 0.2791540300187198 0.43440706682721014 23.875573952130164 82.560000000000016
decision_type=2 2 2 2 2 2 2 2 2 2
left_child=2 -2 7 4 -3 6 -4 8 -1 -7
right_child=1 3 5 -5 -6 9 -8 -9 -10 -11
leaf_value=0.002598278083217641 0.022042369171977046 -0.0030739316378127447 -0.0054173542202139895 0.012541480350773782 0.0048780747830416216 0.0013565095551894043 -0.0028424924629507587 0.0037111421078655192 -0.00061530748676294792 -0.00098439215893021746
leaf_weight=14.999999999999998 9.9999999999999982 10.999999999999998 120 9.9999999999999982 99 10.000000000000002 50 10.999999999999998 129 17
leaf_count=15 10 11 120 10 99 10 50 11 129 17
internal_value=0 0.00611504 -0.00225839 0.00478776 0.00408287 -0.00403745 -0.00466004 2.72302e-06 -0.000280559 -0.000117392
internal_weight=0 130 352 120 110 197 170 155 144 27
internal_count=482 130 352 120 110 197 170 155 144 27
is_linear=0
shrinkage=0.1


Tree=32
num_leaves=12
num_cat=0
split_feature=9 9 5 8 9 9 9 9 9 9 9
split_gain=0.681835 0.132039 0.118303 0.0963928 0.0443668 0.0138077 0.0119989 0.0030518 0.00165098 0.000998742 0.000985941
threshold=1.9829547071474376 0.86030212231157621 0.035103711746861707 0.59784496057987058 3.8508390439054376 1.2997915855978346 0.30013065530291572 1.5476131499350287 0.022402984454704653 0.56502453079426262 1.1982090891412438
decision_type=2 2 2 2 2 2 2 2 2 2 2
left_child=1 6 3 4 -2 10 8 -7 -1 -8 -3
right_child=2 5 -4 -5 -6 7 9 -9 -10 -11 -12
leaf_value=-0.0056561758436939934 0.0044111807033363161 -0.0020340447909592721 0.015821737721562385 0.014082472175359725 -0.0024973551183938981 -0.00042206679205437897 -0.003948890703419845 0.00072902368116831671 -0.0048579833565317865 -0.0031516686928543176 -0.001184161942053054
leaf_weight=55 132 39 9.9999999999999982 9.9999999999999982 9.9999999999999982 42 30 51 49 33 21
leaf_count=55 132 39 10 10 10 42 30 51 49 33 21
internal_value=0 -0.00267608 0.00528608 0.00459294 0.00392466 -0.000553868 -0.00462038 0.000209176 -0.0052801 -0.0035313 -0.00173659
internal_weight=0 320 162 152 142 153 167 93 104 63 60
internal_count=482 320 162 152 142 153 167 93 104 63 60
is_linear=0
shrinkage=0.1


Tree=33
num_leaves=13
num_cat=0
split_feature=9 9 9 9 9 9 13 9 9 9 9 9
split_gain=0.554452 0.115504 0.105529 0.0243117 0.0128191 0.00980496 0.00892121 0.00541603 0.00224973 0.00157787 0.00134625 0.000579088
threshold=2.0921947243655947 0.86030212231157621 3.8508390439054376 3.0664464337164921 1.3400211673505911 0.17313234279390682 24.972222222222221 2.4820596921139431 1.5476131499350287 0.56502453079426262 1.1982090891412438 1.0000000180025095e-35
decision_type=2 2 2 2 2 2 2 2 2 2 2 2
left_child=1 5 3 7 10 11 -5 -2 -6 -7 -3 -1
right_child=2 4 -4 6 8 9 -8 -9 -10 -11 -12 -13
leaf_value=-0.0051169364767916061 0.0020084172593091022 -0.001830640311042468 0.012165837269276381 0.0031636197282932698 -0.00030747348812038775 -0.0037347596332741283 0.0065205373062972765 0.0036345140620445216 0.00072048237115571591 -0.0028365018297777031 -0.00093960534625997158 -0.0045887314421789987
leaf_weight=51 33 39 18 9.9999999999999982 33 48 38 54 60 33 30 35
leaf_count=51 33 39 18 10 33 48 38 54 60 33 30 35
internal_value=0 -0.0023129 0.00497349 0.0040145 -0.000410499 -0.00415834 0.00582118 0.00301772 0.000355724 -0.0033688 -0.00144323 -0.00490197
internal_weight=0 329 153 135 162 167 48 87 93 81 69 86
internal_count=482 329 153 135 162 167 48 87 93 81 69 86
is_linear=0
shrinkage=0.1


Tree=34
num_leaves=12
num_cat=0
split_feature=21 4 21 21 4 5 4 20 22 4 18
split_gain=0.389299 0.190858 0.0902482 0.0709665 0.0281504 0.0265269 0.0169137 0.0123278 0.010138 0.00748776 0.000460889
threshold=40.125000000000007 24.964136585295368 69.590000000000018 29.815000000000001 24.994089234090566 -0.032859140089978846 24.998435669971428 28.990000000000006 290.08500000000004 24.190578676958868 0.029040000000000003
decision_type=2 2 2 2 2 2 2 2 2 2 2
left_child=1 -1 7 -3 -5 10 -7 9 -9 -2 -4
right_child=2 3 5 4 -6 6 -8 8 -10 -11 -12
leaf_value=0.014781896976961029 0.0013206060481024907 -0.00404263243756511 -0.0038849249326934421 0.0069983789376143746 0.003020101733525972 -0.0013351727763816314 -0.003595698909948067 0.0013362291675498505 -0.0016491527293020719 -0.0015044853744257125 -0.0045678419393620322
leaf_weight=18 11.999999999999998 10.999999999999998 11.999999999999998 29 46 102 49 91 12.999999999999998 43 56
leaf_count=18 12 11 12 29 46 102 49 91 13 43 56
internal_value=0 0.0054181 -0.0014907 0.00345824 0.00455837 -0.00280728 -0.00206872 0.000322719 0.000963056 -0.000888102 -0.00444733
internal_weight=0 104 378 86 75 219 151 159 104 55 68
internal_count=482 104 378 86 75 219 151 159 104 55 68
is_linear=0
shrinkage=0.1


Tree=35
num_leaves=13
num_cat=0
split_feature=9 9 9 9 4 9 9 9 9 9 9 21
split_gain=0.375404 0.0830234 0.0736493 0.0191625 0.00929536 0.00701024 0.00673355 0.00357179 0.00161939 0.000744799 0.000728789 0.000679969
threshold=1.9950773645254278 3.8508390439054376 0.92621305318922686 3.0664464337164921 24.985810475870579 0.30013065530291572 1.2997915855978346 2.4820596921139431 1.5274948368723364 0.61150861946362889 1.0000000180025095e-35 65.280000000000015
decision_type=2 2 2 2 2 2 2 2 2 2 2 2
left_child=2 3 5 7 -5 10 11 -2 -8 -7 -1 -4
right_child=1 -3 6 4 -6 9 8 -9 -10 -11 -12 -13
leaf_value=-0.0041524757868519014 0.0015944674140206561 0.010373177094798951 -0.0016576904114282863 0.0020712051715236156 0.0054977934574708346 -0.0028971597811000213 -0.00033041332797624934 0.0028503687272960735 0.00050584698829129993 -0.0022394478130577642 -0.0036229410542632048 -0.00093549422599608083
leaf_weight=51 39 18 22 9.9999999999999982 38 36 39 54 57 33 53 32
leaf_count=51 39 18 22 10 38 36 39 54 57 33 53 32
internal_value=0 0.00397767 -0.00195805 0.00316122 0.00478392 -0.00336411 -0.000336386 0.0023237 0.000166116 -0.0025826 -0.00388262 -0.00122972
internal_weight=0 159 323 141 48 173 150 93 96 69 104 54
internal_count=482 159 323 141 48 173 150 93 96 69 104 54
is_linear=0
shrinkage=0.1


Tree=36
num_leaves=12
num_cat=0
split_feature=9 5 8 9 9 9 9 8 9 9 9
split_gain=0.304382 0.086118 0.0752205 0.0665696 0.0578653 0.00708304 0.00565229 0.00168822 0.00117641 0.000974706 0.000572768
threshold=2.1446268376725492 0.027183618668743702 0.52948867760202722 1.0134773429581225 3.7666209605068901 0.42902786134135651 1.5274948368723364 0.10899028239315182 1.2306805539921104 0.17313234279390682 0.72585657726327846
decision_type=2 2 2 2 2 2 2 2 2 2 2
left_child=3 2 4 5 -2 9 8 -8 -5 -1 -7
right_child=1 -3 -4 6 -6 10 7 -9 -10 -11 -12
leaf_value=-0.0035989004815387172 0.0031061850773254174 0.012752357612480409 0.011490104203112424 -0.0011801368749244528 -0.0048191580036655067 -0.0023990052571106289 0.00081522354120918544 -0.00035681313360100834 -0.00039911853440302092 -0.0029369036015123133 -0.0018073760625945093
leaf_weight=86 117 9.9999999999999982 9.9999999999999982 30 9.9999999999999982 36 53 15.999999999999998 54 30 30
leaf_count=86 117 10 10 30 10 36 53 16 54 30 30
internal_value=0 0.00379358 0.00313966 -0.00166465 0.00248214 -0.00295713 -0.000127181 0.000543447 -0.000678054 -0.00342769 -0.00213008
internal_weight=0 147 137 335 127 182 153 69 84 116 66
internal_count=482 147 137 335 127 182 153 69 84 116 66
is_linear=0
shrinkage=0.1


Tree=37
num_leaves=12
num_cat=0
split_feature=9 5 8 9 9 9 9 9 21 9 31
split_gain=0.247101 0.0713216 0.050796 0.0477996 0.0389958 0.00390529 0.00352644 0.000658641 0.000524004 0.000514507 0.000283311
threshold=1.8047941683425586 0.035103711746861707 0.59784496057987058 3.8508390439054376 0.86030212231157621 0.17313234279390682 1.2568431893066137 0.42902786134135651 67.410000000000011 1.5274948368723364 107.78744480339888
decision_type=2 2 2 2 2 2 2 2 2 2 2
left_child=4 2 3 -2 5 10 8 -7 -6 -8 -1
right_child=1 -3 -4 -5 6 7 9 -9 -10 -11 -12
leaf_value=-0.0034807697118770693 0.0024196215936227246 0.010735066517637197 0.0089955283836884933 -0.0047238582186400896 -0.0015006235146540264 -0.0026432132131109635 -0.00029228162738339358 -0.002052711434753648 -0.00086162816900689379 0.00021491991682422748 -0.0031027459725737573
leaf_weight=31 148 10.999999999999998 10.999999999999998 9.9999999999999982 21 30 45 51 33 36 55
leaf_count=31 148 11 11 10 21 30 45 51 33 36 55
internal_value=0 0.00293279 0.00242495 0.0019675 -0.00174802 -0.0027697 -0.000484166 -0.00227142 -0.00111013 -6.68587e-05 -0.00323901
internal_weight=0 180 169 158 302 167 135 81 54 81 86
internal_count=482 180 169 158 302 167 135 81 54 81 86
is_linear=0
shrinkage=0.1


Tree=38
num_leaves=12
num_cat=0
split_feature=9 15 8 9 9 9 9 8 33 21 9
split_gain=0.212208 0.0838094 0.0629948 0.0532594 0.0492863 0.00457621 0.00406214 0.0018676 0.000755608 0.000691797 0.000576834
threshold=2.3794977626380027 0.42657879891086897 0.35552137738255896 3.8508390439054376 1.0134773429581225 0.36883927867215865 1.5169331955808063 0.10719621957015146 610.80793479520491 69.590000000000018 1.0000000180025095e-35
decision_type=2 2 2 2 2 2 2 2 2 2 2
left_child=4 -2 3 -3 5 10 9 -8 -7 -6 -1
right_child=1 2 -4 -5 6 8 7 -9 -10 -11 -12
leaf_value=-0.0030507567210816874 0.010821610037237406 0.0026669795208263268 0.010189411821775138 -0.0046998570927164777 -0.00081639943640160115 -0.0019165434199003657 0.00060248240839449758 -0.00052755692984444774 -0.0010161068417470565 -0.00020425273503254477 -0.0025915473857420989
leaf_weight=51 13.999999999999998 91 9.9999999999999982 10.999999999999998 48 61 78 18 10.999999999999998 30 59
leaf_count=51 14 91 10 11 48 61 78 18 11 30 59
internal_value=0 0.00352693 0.0026151 0.00187252 -0.0012483 -0.00239877 -4.49262e-05 0.0003906 -0.00177898 -0.000580958 -0.00280445
internal_weight=0 126 112 102 356 182 174 96 72 78 110
internal_count=482 126 112 102 356 182 174 96 72 78 110
is_linear=0
shrinkage=0.1


Tree=39
num_leaves=11
num_cat=0
split_feature=21 4 2 9 9 5 9 9 9 9
split_gain=0.18935 0.31846 0.0701118 0.0615767 0.0252166 0.0191345 0.0131409 0.00622669 0.000881841 0.00055804
threshold=35.470000000000006 24.988637493080347 5.5000000000000009 1.1982090891412438 3.4294099596635359 0.031244213109648155 2.4820596921139431 0.42902786134135651 0.83658221065989158 0.09969356448403531
decision_type=2 2 2 2 2 2 2 2 2 2
left_child=1 -1 4 7 -3 6 -5 9 -9 -2
right_child=3 2 -4 5 -6 -7 -8 8 -10 -11
leaf_value=0.021414074937347323 -0.0026673711269993238 0.0023509305527633327 -0.0040879291399115959 0.00013142689717092986 0.0075487956803824228 -0.0036445045547390527 0.0019385039077211071 -0.0016864971194687922 -0.0010590586083015381 -0.0022109969513535144
leaf_weight=9.9999999999999982 74 28 13.999999999999998 143 13.999999999999998 10.999999999999998 56 48 42 42
leaf_count=10 74 28 14 143 14 11 56 48 42 42
internal_value=0 0.00497604 0.00204068 -0.000789469 0.00408355 0.000415527 0.000639951 -0.00201786 -0.00139369 -0.00250213
internal_weight=0 66 56 416 42 210 199 206 90 116
internal_count=482 66 56 416 42 210 199 206 90 116
is_linear=0
shrinkage=0.1


Tree=40
num_leaves=11
num_cat=0
split_feature=21 4 2 9 9 5 9 9 9 21
split_gain=0.153374 0.257953 0.0567905 0.0498771 0.0204255 0.015499 0.0107054 0.0050979 0.000917025 0.000313295
threshold=35.470000000000006 24.988637493080347 5.5000000000000009 1.1982090891412438 3.4294099596635359 0.031244213109648155 2.116886924747869 0.59338742578246861 0.17313234279390682 69.590000000000018
decision_type=2 2 2 2 2 2 2 2 2 2
left_child=1 -1 4 7 -3 6 -5 8 -2 -9
right_child=3 2 -4 5 -6 -7 -8 9 -10 -11
leaf_value=0.01927266762009822 -0.0023683533397351585 0.0021158375177817239 -0.0036791362300781271 -1.2926846732603013e-05 0.0067939161755410692 -0.0032800540645522153 0.0014894793221453886 -0.0013808721917922852 -0.0018331527547892548 -0.00094426108484012305
leaf_weight=9.9999999999999982 86 28 13.999999999999998 121 13.999999999999998 10.999999999999998 78 27 51 42
leaf_count=10 86 28 14 121 14 11 78 27 51 42
internal_value=0 0.00447844 0.00183661 -0.000710522 0.0036752 0.000373974 0.000575956 -0.00181608 -0.00216912 -0.00111511
internal_weight=0 66 56 416 42 210 199 206 137 69
internal_count=482 66 56 416 42 210 199 206 137 69
is_linear=0
shrinkage=0.1


Tree=41
num_leaves=14
num_cat=0
split_feature=9 19 9 29 9 9 9 20 9 8 23 7 9
split_gain=0.118258 0.0769257 0.160279 0.0736387 0.099231 0.0337058 0.00376741 0.00325354 0.00273618 0.00208314 0.000614464 0.000523203 0.000414706
threshold=2.7872582373472246 0.029040000000000003 3.624340758660316 30.437668452324584 3.7666209605068901 1.0418540860563146 1.6339658640515979 36.205000000000005 0.42902786134135651 0.22688451188358072 412.48500000000007 0.67982955761594843 0.022402984454704653
decision_type=2 2 2 2 2 2 2 2 2 2 2 2 2
left_child=5 2 7 -3 -5 8 11 -2 12 -8 -10 -7 -1
right_child=1 3 -4 4 -6 6 9 -9 10 -11 -12 -13 -14
leaf_value=-0.0022280495529147714 0.0015656976466953681 0.007217061586145844 0.017581471349985806 0.0015113860543572106 -0.0098596753552556045 -0.00022000214926026134 0.00067640456034830413 0.0038029826676043185 -0.00136145391227347 -0.00083875387004809458 -0.00051672283792868255 -0.00083368704688516172 -0.001849386534943688
leaf_weight=55 13.000000000000002 13.999999999999998 9.9999999999999982 33 9.9999999999999982 76 98 12.999999999999998 62 9.9999999999999982 9.9999999999999982 17 61
leaf_count=55 13 14 10 33 10 76 98 13 62 10 10 17 61
internal_value=0 0.0032035 0.00682243 0.000917857 -0.00113305 -0.000765875 0.000134365 0.00268434 -0.00172837 0.000536112 -0.00124413 -0.000332181 -0.00202893
internal_weight=0 93 36 57 43 389 201 26 188 108 72 93 116
internal_count=482 93 36 57 43 389 201 26 188 108 72 93 116
is_linear=0
shrinkage=0.1


Tree=42
num_leaves=11
num_cat=0
split_feature=21 35 2 9 9 5 9 9 9 7
split_gain=0.102068 0.20467 0.066392 0.0336924 0.0203223 0.0124577 0.00743538 0.00374409 0.000649189 0.000325271
threshold=35.090000000000011 369.84148334782202 5.5000000000000009 1.2306805539921104 3.4294099596635359 0.031244213109648155 2.4820596921139431 0.61150861946362889 0.17313234279390682 0.30467588383938177
decision_type=2 2 2 2 2 2 2 2 2 2
left_child=1 -1 4 7 -3 6 -5 8 -2 -9
right_child=3 2 -4 5 -6 -7 -8 9 -10 -11
leaf_value=0.016874648565426472 -0.0019223625365601378 0.0015007362602493513 -0.0052651636224860946 0.00012281245237490823 0.0061229046434164054 -0.0029314326538455631 0.0014655566058058482 -0.0011307873684147905 -0.0014799743782431406 -0.00069479053537096743
leaf_weight=9.9999999999999982 86 26 11.999999999999998 137 14.999999999999998 10.999999999999998 59 28 54 44
leaf_count=10 86 26 12 137 15 11 59 28 54 44
internal_value=0 0.00375281 0.001277 -0.000564265 0.00319177 0.000343224 0.000527006 -0.00145035 -0.00175173 -0.000864345
internal_weight=0 63 53 419 41 207 196 212 140 72
internal_count=482 63 53 419 41 207 196 212 140 72
is_linear=0
shrinkage=0.1


Tree=43
num_leaves=11
num_cat=0
split_feature=21 4 20 9 29 5 22 9 9 21
split_gain=0.0826747 0.207337 0.0748998 0.0274458 0.0124284 0.0103813 0.0069084 0.00352413 0.000561308 0.000351227
threshold=35.090000000000011 24.989544232127106 37.050000000000004 1.2568431893066137 27.925166777692002 0.031244213109648155 267.92000000000002 0.63395158894396908 0.17313234279390682 68.530000000000015
decision_type=2 2 2 2 2 2 2 2 2 2
left_child=1 -1 4 7 -3 6 -5 8 -2 -9
right_child=3 2 -4 5 -6 -7 -8 9 -10 -11
leaf_value=0.015204210711332659 -0.0017301262453804879 0.0057605483615770937 -0.0063139240567882853 0.00028406535459425084 0.0016722617494263525 -0.002638289429292358 0.0020700676869601013 -0.00099449970481556749 -0.0013254738335187236 -0.00056087766667026683
leaf_weight=11.999999999999998 86 9.9999999999999982 11.999999999999998 162 29 10.999999999999998 25 31 57 47
leaf_count=12 86 10 12 162 29 11 25 31 57 47
internal_value=0 0.00337753 0.000594784 -0.000507839 0.00272054 0.000347218 0.000522836 -0.00127391 -0.00156883 -0.000733215
internal_weight=0 63 51 419 39 198 187 221 143 78
internal_count=482 63 51 419 39 198 187 221 143 78
is_linear=0
shrinkage=0.1


Tree=44
num_leaves=8
num_cat=0
split_feature=5 9 8 9 9 9 9
split_gain=0.0706703 0.0393045 0.0269501 0.0393449 0.00565908 0.000577381 0.000468982
threshold=0.035103711746861707 1.5476131499350287 0.59784496057987058 3.8508390439054376 0.72585657726327846 0.17313234279390682 1.0418540860563146
decision_type=2 2 2 2 2 2 2
left_child=1 4 3 -3 5 -1 -6
right_child=-2 2 -4 -5 6 -7 -8
leaf_value=-0.0015571136533845823 0.0075779771580225018 0.00091368721142169303 0.0054598278463042034 -0.0055316910147666931 -0.00076149218172455837 -0.0011638970221495681 -0.00032770455481461537
leaf_weight=86 11.999999999999998 179 11.999999999999998 9.9999999999999982 36 66 81
leaf_count=86 12 179 12 10 36 66 81
internal_value=0 -0.00019348 0.000864433 0.000572662 -0.000983966 -0.00138637 -0.000461178
internal_weight=0 470 201 189 269 152 117
internal_count=482 470 201 189 269 152 117
is_linear=0
shrinkage=0.1


Tree=45
num_leaves=12
num_cat=0
split_feature=9 13 22 9 9 17 9 26 9 24 4
split_gain=0.0630194 0.0847268 0.0505903 0.100711 0.0147252 0.00245292 0.00241257 0.00151674 0.00117848 0.000877384 0.000189236
threshold=2.9497351783773618 23.694444444444446 117.67500000000003 3.8508390439054376 1.0418540860563146 0.043910000000000005 1.8047941683425586 33.281954776839335 0.30013065530291572 36.209300425415314 24.985810475870579
decision_type=2 2 2 2 2 2 2 2 2 2 2
left_child=4 -2 -3 -4 8 6 -6 -7 10 -10 -1
right_child=1 2 3 -5 5 7 -8 -9 9 -11 -12
leaf_value=-0.0014570197128218559 0.011232791747897864 0.0058534008088625142 0.0021776364459785529 -0.0087553616782481032 -0.00014801648150482421 -0.00025905744922864765 0.00056327036548717172 -0.0017950843078142497 -0.00098026478419243994 1.770788978319615e-05 -0.0011671973279479778
leaf_weight=71 9.9999999999999982 18 36 10.999999999999998 99 18.000000000000004 92 9.9999999999999982 74 9.9999999999999982 33
leaf_count=71 10 18 36 11 99 18 92 10 74 10 33
internal_value=0 0.00266367 0.00134534 -0.00038115 -0.000490848 6.64537e-05 0.000194593 -0.000807638 -0.00114004 -0.000861459 -0.00136506
internal_weight=0 75 65 47 407 219 191 28 188 84 104
internal_count=482 75 65 47 407 219 191 28 188 84 104
is_linear=0
shrinkage=0.1


Tree=46
num_leaves=9
num_cat=0
split_feature=9 9 4 9 21 9 21 9
split_gain=0.0638689 0.0215097 0.00594542 0.00878862 0.00514668 0.00219212 0.000511503 0.000331999
threshold=3.8508390439054376 1.3340591402796342 24.988637493080347 3.0664464337164921 40.780000000000008 0.63395158894396908 68.530000000000015 1.0000000180025095e-35
decision_type=2 2 2 2 2 2 2 2
left_child=1 5 4 -4 -3 7 -7 -1
right_child=-2 2 3 -5 -6 6 -8 -9
leaf_value=-0.0013526415141920248 0.0058444526874356804 -0.0020224437367038005 0.00038853948974020767 0.0021463294831207624 0.00011744635412469506 -0.00079064040850752447 -0.00030954876961985459 -0.0010345461201960342
leaf_weight=51 18 13.999999999999998 123 37 57 39 51 92
leaf_count=51 18 14 123 37 57 39 51 92
internal_value=0 -0.000226724 0.000457077 0.000795028 -0.000304504 -0.000904656 -0.000518022 -0.00114799
internal_weight=0 464 231 160 71 233 90 143
internal_count=482 464 231 160 71 233 90 143
is_linear=0
shrinkage=0.1


Tree=47
num_leaves=9
num_cat=0
split_feature=9 9 4 9 23 9 21 9
split_gain=0.0517338 0.0176068 0.00527295 0.00623552 0.00530733 0.00237338 0.000562845 0.000320185
threshold=3.8508390439054376 1.4786134994027755 24.988637493080347 3.0664464337164921 551.84000000000003 0.72585657726327846 69.590000000000018 0.12280433347137282
decision_type=2 2 2 2 2 2 2 2
left_child=1 5 4 -4 -3 7 -7 -1
right_child=-2 2 3 -5 -6 6 -8 -9
leaf_value=-0.0011578083025479038 0.0052600070834159856 0.00036734311728320215 0.00042569695727923606 0.0019316965179215816 -0.0015349270437251439 -0.00061687555100674351 -0.00014670171520042553 -0.00086750869338478277
leaf_weight=77 18 44 107 37 22 53 49 75
leaf_count=77 18 44 107 37 22 53 49 75
internal_value=0 -0.000204052 0.000473415 0.000812655 -0.000266747 -0.000764162 -0.000391008 -0.00101457
internal_weight=0 464 210 144 66 254 102 152
internal_count=482 464 210 144 66 254 102 152
is_linear=0
shrinkage=0.1


Tree=48
num_leaves=8
num_cat=0
split_feature=9 9 8 15 9 31 28
split_gain=0.0419044 0.0143544 0.00527501 0.00580245 0.00283533 0.000445271 0.000324196
threshold=3.8508390439054376 1.6740218919248109 0.32387242657028298 0.51233582158304303 0.86030212231157621 344.9472295815583 45.156998906578629
decision_type=2 2 2 2 2 2 2
left_child=1 4 3 -3 5 -1 -6
right_child=-2 2 -4 -5 6 -7 -8
leaf_value=-0.00093231318005689088 0.0047340065758261418 0.00092027092968695399 -0.0013381461448651473 -0.00082586770123188309 8.7894890621891648e-05 -0.00030002623437515774 -0.00032968977392715954
leaf_weight=155 18 141 13.999999999999998 22 23 11.999999999999998 97
leaf_count=155 18 141 14 22 23 12 97
internal_value=0 -0.000183647 0.000524605 0.000684596 -0.000620443 -0.000886879 -0.000249653
internal_weight=0 464 177 163 287 167 120
internal_count=482 464 177 163 287 167 120
is_linear=0
shrinkage=0.1


Tree=49
num_leaves=7
num_cat=0
split_feature=5 29 29 8 19 9
split_gain=0.0447563 0.0167848 0.0253276 0.0148106 0.0133246 0.00265917
threshold=0.035103711746861707 29.762285750235922 32.029983756426958 0.74291520973425884 0.043910000000000005 2.9497351783773618
decision_type=2 2 2 2 2 2
left_child=1 4 -3 -4 5 -1
right_child=-2 2 3 -5 -6 -7
leaf_value=-4.2021990863277628e-05 0.006030621391255409 -0.0048611196029620871 -0.00029917244579606489 0.0034192049029198564 0.004994339970871807 0.0019533839584751564
leaf_weight=17.000000000000004 11.999999999999998 11.999999999999998 409 10.999999999999998 9.9999999999999982 10.999999999999998
leaf_count=17 12 12 409 11 10 11
internal_value=0 -0.000153973 -0.000331212 -0.000201786 0.00186095 0.000741887
internal_weight=0 470 432 420 38 28
internal_count=482 470 432 420 38 28
is_linear=0
shrinkage=0.1


Tree=50
num_leaves=7
num_cat=0
split_feature=5 29 29 8 19 35
split_gain=0.0362526 0.0135957 0.0205154 0.0119966 0.0107929 0.00236506
threshold=0.035103711746861707 29.762285750235922 32.029983756426958 0.74291520973425884 0.043910000000000005 600.38749627019604
decision_type=2 2 2 2 2 2
left_child=1 4 -3 -4 5 -1
right_child=-2 2 3 -5 -6 -7
leaf_value=0.0014069877366316228 0.005427559278905392 -0.0043750077148918846 -0.0002692551942379934 0.0030772845260798932 0.0044949060422368346 -0.00047483873998068951
leaf_weight=17.000000000000004 11.999999999999998 11.999999999999998 409 10.999999999999998 9.9999999999999982 10.999999999999998
leaf_count=17 12 12 409 11 10 11
internal_value=0 -0.000138576 -0.000298091 -0.000181608 0.00167486 0.000667699
internal_weight=0 470 432 420 38 28
internal_count=482 470 432 420 38 28
is_linear=0
shrinkage=0.1


Tree=51
num_leaves=9
num_cat=0
split_feature=21 35 21 5 9 26 28 23
split_gain=0.0327283 0.139859 0.0513636 0.0165298 0.00868969 0.00604377 0.00376336 0.000667795
threshold=35.090000000000011 369.84148334782202 29.815000000000001 0.031244213109648155 1.063948316801073 35.440253468942664 91.100074491255086 312.17000000000002
decision_type=2 2 2 2 2 2 2 2
left_child=1 -1 -3 4 7 -4 -6 -2
right_child=3 2 5 -5 6 -7 -8 -9
leaf_value=0.012972167022526265 -0.00075835588091567022 -0.0056758240020523473 0.0035444818692317668 -0.0039774348804106317 2.8816461210795476e-05 0.00093535571608559373 0.001124536368067646 -4.0763079388333224e-05
leaf_weight=9.9999999999999982 176 11.999999999999998 12.999999999999998 11.999999999999998 179 28 38 13.999999999999998
leaf_count=10 176 12 13 12 179 28 38 14
internal_value=0 0.00212508 7.84592e-05 -0.000319523 -0.000211673 0.00176264 0.000220694 -0.000705481
internal_weight=0 63 53 419 407 41 217 190
internal_count=482 63 53 419 407 41 217 190
is_linear=0
shrinkage=0.1


Tree=52
num_leaves=7
num_cat=0
split_feature=5 29 20 9 9 9
split_gain=0.03 0.0101425 0.0163408 0.0113112 0.00846239 0.0015102
threshold=0.035103711746861707 29.762285750235922 36.985000000000007 3.4592009981865011 1.6740218919248109 2.8562721331336278
decision_type=2 2 2 2 2 2
left_child=1 3 4 5 -3 -1
right_child=-2 2 -4 -5 -6 -7
leaf_value=-0.00023459367358180528 0.0049373707656438157 -0.00046874262018586357 -0.0037554794850830847 0.0041432489937340677 0.00048926448351559128 0.0013141320552676917
leaf_weight=17.000000000000004 11.999999999999998 282 12.999999999999998 10.999999999999998 137 9.9999999999999982
leaf_count=17 12 282 13 11 137 10
internal_value=0 -0.000126061 -0.000263837 0.00144024 -0.000155504 0.000339008
internal_weight=0 470 432 38 419 27
internal_count=482 470 432 38 419 27
is_linear=0
shrinkage=0.1


Tree=53
num_leaves=9
num_cat=0
split_feature=26 35 35 5 26 9 5 9
split_gain=0.0277861 0.086999 0.0127847 0.0119908 0.0103124 0.0376935 0.016892 0.00353109
threshold=36.659971092587362 504.47128426180001 816.9625178715097 0.031244213109648155 35.440253468942664 3.8508390439054376 -0.0059968740950039996 3.2005231055819716
decision_type=2 2 2 2 2 2 2 2
left_child=3 -2 7 4 5 -1 -6 -3
right_child=1 2 -4 -5 6 -7 -8 -9
leaf_value=-0.00017783564182384054 0.010599050498567523 0.0001043282002986719 -0.003051449767081067 -0.0032264260790095881 -0.005296323697548358 0.0060392845515161754 8.49078588154433e-05 0.0026486686803400515
leaf_weight=393 9.9999999999999982 12.000000000000002 9.9999999999999982 12.999999999999998 10.000000000000002 9.9999999999999982 13.999999999999998 9.9999999999999982
leaf_count=393 10 12 10 13 10 10 14 10
internal_value=0 0.00245749 -8.6746e-05 -0.000234579 -0.000143492 -2.35647e-05 -0.00215727 0.00126085
internal_weight=0 42 32 440 427 403 24 22
internal_count=482 42 32 440 427 403 24 22
is_linear=0
shrinkage=0.1


Tree=54
num_leaves=5
num_cat=0
split_feature=5 20 20 9
split_gain=0.0253191 0.0100412 0.0453782 0.0121265
threshold=0.035103711746861707 38.225000000000001 36.985000000000007 2.4820596921139431
decision_type=2 2 2 2
left_child=1 2 3 -1
right_child=-2 -3 -4 -5
leaf_value=-0.00030622916809382639 0.0045358517983307449 0.003019081000238657 -0.0068466684292070564 0.00096094559674687245
leaf_weight=354 11.999999999999998 9.9999999999999982 9.9999999999999982 96
leaf_count=354 12 10 10 96
internal_value=0 -0.000115809 -0.000183959 -3.58986e-05
internal_weight=0 470 460 450
internal_count=482 470 460 450
is_linear=0
shrinkage=0.1


Tree=55
num_leaves=10
num_cat=0
split_feature=26 15 28 9 9 28 21 9 9
split_gain=0.0235189 0.0565245 0.0155773 0.0395063 0.0371266 0.0131817 0.00342705 0.00229288 0.00143223
threshold=36.659971092587362 0.46571395161154322 90.808337371280189 3.8508390439054376 3.2806947012913996 81.861865260382103 34.410000000000004 0.61150861946362889 1.063948316801073
decision_type=2 2 2 2 2 2 2 2 2
left_child=2 -2 3 7 8 6 -3 -1 -4
right_child=1 5 4 -5 -6 -7 -8 -9 -10
leaf_value=-0.00062771954137133437 0.0088234163820743571 0.0030912915803492057 -0.00065142215698870136 -0.0063758048609915104 0.0064902980727228254 -0.002410059127335747 0.00047325734514743091 -0.00010229946060660398 0.00046040003525420274
leaf_weight=130 9.9999999999999982 10.000000000000002 15.999999999999998 10.999999999999998 10.999999999999998 11.999999999999998 9.9999999999999982 230 42
leaf_count=130 10 10 16 11 11 12 10 230 42
internal_value=0 0.00226093 -0.000215816 -0.000472416 0.00116387 0.000210149 0.00178227 -0.000292034 0.00015369
internal_weight=0 42 440 371 69 32 20 360 58
internal_count=482 42 440 371 69 32 20 360 58
is_linear=0
shrinkage=0.1


Tree=56
num_leaves=6
num_cat=0
split_feature=9 5 9 8 9
split_gain=0.0220393 0.00468155 0.00556749 0.00478193 0.000941412
threshold=3.8508390439054376 0.031244213109648155 1.4347214150513656 0.32387242657028298 0.61150861946362889
decision_type=2 2 2 2 2
left_child=1 2 4 -4 -1
right_child=-2 -3 3 -5 -6
leaf_value=-0.00057452063227953788 0.0034331928679926533 -0.0021715794372456996 0.00043521303883436779 -0.0014190568278233211 -0.00018053314622499284
leaf_weight=140 18 10.999999999999998 191 14.999999999999998 107
leaf_count=140 18 11 191 15 107
internal_value=0 -0.000133184 -8.36867e-05 0.000300193 -0.000403846
internal_weight=0 464 453 206 247
internal_count=482 464 453 206 247
is_linear=0
shrinkage=0.1


Tree=57
num_leaves=5
num_cat=0
split_feature=5 8 21 9
split_gain=0.0204719 0.00851777 0.0336061 0.00505804
threshold=0.035103711746861707 0.59784496057987058 29.065000000000005 1.7922871284499007
decision_type=2 2 2 2
left_child=1 2 -1 -4
right_child=-2 -3 3 -5
leaf_value=-0.0054080238410582149 0.0040786255461474265 0.002093414146014873 -0.00028644547494703344 0.00042957596456625772
leaf_weight=11.999999999999998 11.999999999999998 17 292 149
leaf_count=12 12 17 292 149
internal_value=0 -0.000104135 -0.000186604 -4.45244e-05
internal_weight=0 470 453 441
internal_count=482 470 453 441
is_linear=0
shrinkage=0.1


Tree=58
num_leaves=6
num_cat=0
split_feature=9 5 9 8 31
split_gain=0.0178649 0.00514228 0.00410365 0.00335029 0.000368737
threshold=3.8508390439054376 0.031244213109648155 0.92621305318922686 0.32387242657028298 344.9472295815583
decision_type=2 2 2 2 2
left_child=1 2 4 -4 -1
right_child=-2 -3 3 -5 -6
leaf_value=-0.000490797607474729 0.0030910075991414489 -0.0022562551997411489 0.00026448537447532338 -0.0010786467460275164 8.3818870795463829e-05
leaf_weight=161 18 10.999999999999998 260 20 11.999999999999998
leaf_count=161 18 11 260 20 12
internal_value=0 -0.00011991 -6.80338e-05 0.000168547 -0.00045094
internal_weight=0 464 453 280 173
internal_count=482 464 453 280 173
is_linear=0
shrinkage=0.1


Tree=59
num_leaves=9
num_cat=0
split_feature=26 35 28 9 9 4 23 2
split_gain=0.0178143 0.0627089 0.0113666 0.040528 0.0281959 0.00924209 0.00127315 0.00110578
threshold=36.844334816296445 536.25013288452362 90.808337371280189 3.8508390439054376 3.2806947012913996 24.99163712565063 816.79500000000019 3.5000000000000004
decision_type=2 2 2 2 2 2 2 2
left_child=2 -2 3 6 7 -3 -1 -4
right_child=1 5 4 -5 -6 -7 -8 -9
leaf_value=-0.00017587587874671692 0.0088695831026416282 -0.0028333896491676558 -0.0002031182483954802 -0.0063709927066652617 0.0056453773889436646 0.0010419674628792564 -0.0012232662872217286 0.00069214142938356176
leaf_weight=353 9.9999999999999982 10.000000000000002 37 10.999999999999998 10.999999999999998 15.999999999999998 11.999999999999998 22
leaf_count=353 10 10 37 11 11 16 12 22
internal_value=0 0.00213982 -0.000172721 -0.000390543 0.000997298 -0.000448555 -0.000210311 0.000130707
internal_weight=0 36 446 376 70 26 365 59
internal_count=482 36 446 376 70 26 365 59
is_linear=0
shrinkage=0.1


Tree=60
num_leaves=5
num_cat=0
split_feature=5 20 20 9
split_gain=0.0168197 0.00768178 0.0368364 0.00690874
threshold=0.035103711746861707 38.225000000000001 36.985000000000007 3.7666209605068901
decision_type=2 2 2 2
left_child=1 2 3 -1
right_child=-2 -3 -4 -5
leaf_value=-7.9668962796197528e-05 0.0036969561905910576 0.0026475680619478231 -0.0061569612519815561 0.0025784798059612516
leaf_weight=440 11.999999999999998 9.9999999999999982 9.9999999999999982 9.9999999999999982
leaf_count=440 12 10 10 10
internal_value=0 -9.43904e-05 -0.000153998 -2.0599e-05
internal_weight=0 470 460 450
internal_count=482 470 460 450
is_linear=0
shrinkage=0.1


Tree=61
num_leaves=9
num_cat=0
split_feature=26 35 5 26 9 26 4 21
split_gain=0.0160158 0.0547228 0.0144903 0.00968344 0.0246061 0.0142943 0.00840166 0.00240016
threshold=36.659971092587362 504.47128426180001 0.035103711746861707 35.440253468942664 3.7666209605068901 36.003070071323243 24.991314798213807 33.780000000000008
decision_type=2 2 2 2 2 2 2 2
left_child=2 -2 3 4 -1 -5 -3 -8
right_child=1 6 -4 5 -6 -7 7 -9
leaf_value=-0.00011106491623982477 0.008322800104506315 -0.0025554418331012133 -0.0039411975257098676 -0.0044828723650425662 0.0044856322347186506 0.00039808835572330281 0.0020845487201586357 -1.3140851660864429e-05
leaf_weight=394 9.9999999999999982 9.9999999999999982 9.9999999999999982 12.000000000000002 11.999999999999998 11.999999999999998 10.000000000000002 11.999999999999998
leaf_count=394 10 10 10 12 12 12 10 12
internal_value=0 0.00186575 -0.000178094 -9.058e-05 2.47981e-05 -0.00204239 -0.000152082 0.000940354
internal_weight=0 42 440 430 406 24 32 22
internal_count=482 42 440 430 406 24 32 22
is_linear=0
shrinkage=0.1


Tree=62
num_leaves=5
num_cat=0
split_feature=5 8 9 9
split_gain=0.015222 0.00613378 0.0326361 0.00325019
threshold=0.035103711746861707 0.74291520973425884 3.9100236664054235 1.3537475508510624
decision_type=2 2 2 2
left_child=1 2 3 -1
right_child=-2 -3 -4 -5
leaf_value=-0.00027548217733395071 0.0035169804313530529 0.0022437974852933125 -0.0057959454506635666 0.00026332258191910689
leaf_weight=236 11.999999999999998 10.999999999999998 9.9999999999999982 213
leaf_count=236 12 11 10 213
internal_value=0 -8.97952e-05 -0.00014572 -1.98799e-05
internal_weight=0 470 459 449
internal_count=482 470 459 449
is_linear=0
shrinkage=0.1


Tree=63
num_leaves=6
num_cat=0
split_feature=9 5 8 9 26
split_gain=0.0145675 0.00511341 0.002898 0.00381173 0.00323341
threshold=3.8508390439054376 0.031244213109648155 0.32387242657028298 1.8047941683425586 29.220449234062169
decision_type=2 2 2 2 2
left_child=1 2 3 -1 -4
right_child=-2 -3 4 -5 -6
leaf_value=-0.00020419134470210017 0.0027912040700256414 -0.0022386191963133487 -0.00014492599709358596 0.00043154449189907091 -0.0024992827943060552
leaf_weight=289 18 10.999999999999998 14.000000000000002 140 9.9999999999999982
leaf_count=289 18 11 14 140 10
internal_value=0 -0.000108279 -5.65494e-05 3.2749e-06 -0.00112591
internal_weight=0 464 453 429 24
internal_count=482 464 453 429 24
is_linear=0
shrinkage=0.1


Tree=64
num_leaves=6
num_cat=0
split_feature=5 23 20 6 6
split_gain=0.0127715 0.00566194 0.035759 0.0186146 0.00499409
threshold=0.035103711746861707 791.71500000000015 37.050000000000004 58.847256095079715 50.155221776097122
decision_type=2 2 2 2 2
left_child=1 2 4 -3 -1
right_child=-2 3 -4 -5 -6
leaf_value=0.0020750311605462978 0.0032214835596581304 0.0047240651689935461 -0.0060768307838588963 -0.00084588552611724796 -8.3177378721885822e-05
leaf_weight=10.999999999999998 11.999999999999998 10.000000000000002 9.9999999999999982 14.999999999999998 424
leaf_count=11 12 10 10 15 424
internal_value=0 -8.22506e-05 -0.000164517 0.00138209 -2.8602e-05
internal_weight=0 470 445 25 435
internal_count=482 470 445 25 435
is_linear=0
shrinkage=0.1


Tree=65
num_leaves=8
num_cat=0
split_feature=26 5 5 32 28 27 9
split_gain=0.013463 0.047787 0.0159402 0.0107095 0.00780875 0.0230382 0.0145629
threshold=36.844334816296445 -0.0045158227720864495 0.035103711746861707 183.29035199372035 90.808337371280189 54.275871989140903 3.7666209605068901
decision_type=2 2 2 2 2 2 2
left_child=2 3 4 -2 6 -6 -1
right_child=1 -3 -4 -5 5 -7 -8
leaf_value=-0.00013365486801747875 0.001338690974904845 0.0077349814455374144 -0.0040976587776094678 -0.002769305247982795 0.0053518502833321694 0.0001674555687592753 -0.0038281443211334674
leaf_weight=355 15.000000000000002 9.9999999999999982 9.9999999999999982 10.999999999999998 9.9999999999999982 60 10.999999999999998
leaf_count=355 15 10 10 11 10 60 11
internal_value=0 0.00186022 -0.000150152 -0.000399307 -5.96129e-05 0.000908083 -0.000244691
internal_weight=0 36 446 26 436 70 366
internal_count=482 36 446 26 436 70 366
is_linear=0
shrinkage=0.1


Tree=66
num_leaves=6
num_cat=0
split_feature=9 5 9 32 21
split_gain=0.0131158 0.00382446 0.002245 0.00440308 0.00253562
threshold=3.8508390439054376 0.031244213109648155 2.9497351783773618 172.07880622722956 32.565000000000005
decision_type=2 2 2 2 2
left_child=1 2 4 -4 -1
right_child=-2 -3 3 -5 -6
leaf_value=-0.0016378927531398157 0.0026484795949525304 -0.0019451218953525477 -0.0003063511991466181 0.0014857974506762382 -9.8206766903271371e-05
leaf_weight=10.999999999999998 18 10.999999999999998 29 26 387
leaf_count=11 18 11 29 26 387
internal_value=0 -0.000102743 -5.80051e-05 0.000540846 -0.000140761
internal_weight=0 464 453 55 398
internal_count=482 464 453 55 398
is_linear=0
shrinkage=0.1


Tree=67
num_leaves=9
num_cat=0
split_feature=13 22 9 9 7 5 21 24
split_gain=0.0125121 0.0558732 0.0202366 0.00398521 0.00367658 0.00309325 0.00266795 0.00158761
threshold=23.694444444444446 163.51000000000002 3.9100236664054235 2.8913716783733139 0.4440787193069799 0.031244213109648155 32.565000000000005 27.624872008480299
decision_type=2 2 2 2 2 2 2 2
left_child=1 5 3 6 -5 7 -2 -1
right_child=2 -3 -4 4 -6 -7 -8 -9
leaf_value=0.00083364946750364073 -0.0017983377235941589 0.008183199301129207 -0.0044093312864953819 -0.00020954672666266563 0.0013981685536264472 -0.0016828261967748405 -0.00014191154898939698 -0.00069723767461255198
leaf_weight=21.000000000000004 9.9999999999999982 9.9999999999999982 10.999999999999998 25 33 9.9999999999999982 352 9.9999999999999982
leaf_count=21 10 10 11 25 33 10 352 10
internal_value=0 0.00148114 -0.000175262 -6.43699e-05 0.000705188 -0.000153512 -0.000187669 0.000339815
internal_weight=0 51 431 420 58 41 362 31
internal_count=482 51 431 420 58 41 362 31
is_linear=0
shrinkage=0.1


Tree=68
num_leaves=7
num_cat=0
split_feature=5 11 20 23 29 35
split_gain=0.0118084 0.006418 0.0147447 0.0138677 0.00644995 0.00202617
threshold=0.035103711746861707 605.81101020234337 36.885000000000005 762.85000000000014 31.514843128957132 775.42209549613483
decision_type=2 2 2 2 2 2
left_child=1 3 5 4 -1 -3
right_child=-2 2 -4 -5 -6 -7
leaf_value=0.0012391451323804047 0.0030976355851938327 -0.00082767790197976862 -0.004610444749705493 0.0033881459656792384 -0.0001793517150328239 0.00081596244902660457
leaf_weight=35 11.999999999999998 20 9.9999999999999982 11.999999999999998 381 11.999999999999998
leaf_count=35 12 20 10 12 381 12
internal_value=0 -7.90886e-05 -0.00125873 3.66702e-05 -6.0007e-05 -0.000211313
internal_weight=0 470 42 428 416 32
internal_count=482 470 42 428 416 32
is_linear=0
shrinkage=0.1


Tree=69
num_leaves=6
num_cat=0
split_feature=9 5 8 9 26
split_gain=0.0112059 0.00364017 0.00189279 0.00202414 0.00173387
threshold=3.8508390439054376 0.031244213109648155 0.22688451188358072 2.6435491888032003 29.220449234062169
decision_type=2 2 2 2 2
left_child=1 2 3 -1 -4
right_child=-2 -3 4 -5 -6
leaf_value=-9.6787424462880676e-05 0.0024480599754800399 -0.001892409355125644 -5.8643896287928012e-05 0.00048210153530418794 -0.001579115268153449
leaf_weight=350 18 10.999999999999998 15.000000000000002 73 14.999999999999998
leaf_count=350 18 11 15 73 15
internal_value=0 -9.49678e-05 -5.13214e-05 3.1154e-06 -0.00081888
internal_weight=0 464 453 423 30
internal_count=482 464 453 423 30
is_linear=0
shrinkage=0.1


Tree=70
num_leaves=9
num_cat=0
split_feature=13 6 9 9 27 21 34 5
split_gain=0.00989275 0.0451784 0.017758 0.00266751 0.00315865 0.0020452 0.00165818 0.00147472
threshold=23.694444444444446 58.747632829011259 3.9100236664054235 2.8913716783733139 64.490127312355213 32.565000000000005 84.808178144520539 0.012661762155712302
decision_type=2 2 2 2 2 2 2 2
left_child=1 -1 3 5 -5 -2 -3 -8
right_child=2 6 -4 4 -6 -7 7 -9
leaf_value=0.0066826559486798942 -0.0015630524058360608 -0.0012561024990505897 -0.004122151747684588 4.2267587866119459e-05 0.0015948606874178495 -0.00011277450705310084 0.0010065728735009374 -0.0005178270424949005
leaf_weight=11.999999999999998 9.9999999999999982 12.999999999999998 10.999999999999998 38 20 352 11.000000000000002 14.999999999999998
leaf_count=12 10 13 11 38 20 352 11 15
internal_value=0 0.00131701 -0.000155841 -5.19614e-05 0.000577645 -0.000152837 -0.00033396 0.000127111
internal_weight=0 51 431 420 58 362 39 26
internal_count=482 51 431 420 58 362 39 26
is_linear=0
shrinkage=0.1


Tree=71
num_leaves=6
num_cat=0
split_feature=9 5 5 16 15
split_gain=0.0101756 0.00314858 0.00177023 0.00164535 0.001115
threshold=3.8508390439054376 0.031244213109648155 -0.011892749917579997 0.029040000000000003 0.51233582158304303
decision_type=2 2 2 2 2
left_child=1 2 3 -1 -4
right_child=-2 -3 4 -5 -6
leaf_value=-0.0002862427345559461 0.0023328084705604448 -0.001762168820608746 0.00011278022873191839 -0.0015563175761296104 -0.00037857907192557361
leaf_weight=68 18 10.999999999999998 319 11.999999999999998 54
leaf_count=68 18 11 319 12 54
internal_value=0 -9.04969e-05 -4.99044e-05 -0.000476754 4.16451e-05
internal_weight=0 464 453 80 373
internal_count=482 464 453 80 373
is_linear=0
shrinkage=0.1


Tree=72
num_leaves=5
num_cat=0
split_feature=5 20 20 6
split_gain=0.00959598 0.00678791 0.0243548 0.00362105
threshold=0.035103711746861707 38.225000000000001 36.985000000000007 50.155221776097122
decision_type=2 2 2 2
left_child=1 2 3 -1
right_child=-2 -3 -4 -5
leaf_value=0.0017731791616163472 0.0027924116778497896 0.002506201290525496 -0.0050084543367847805 -6.3761691187390337e-05
leaf_weight=10.999999999999998 11.999999999999998 9.9999999999999982 9.9999999999999982 439
leaf_count=11 12 10 10 439
internal_value=0 -7.12956e-05 -0.000127328 -1.88587e-05
internal_weight=0 470 460 450
internal_count=482 470 460 450
is_linear=0
shrinkage=0.1


Tree=73
num_leaves=8
num_cat=0
split_feature=26 35 5 28 20 27 22
split_gain=0.00964418 0.0378252 0.0141221 0.0062902 0.0202503 0.0179762 0.00500727
threshold=36.844334816296445 536.25013288452362 0.035103711746861707 90.808337371280189 36.755000000000003 54.275871989140903 209.35500000000002
decision_type=2 2 2 2 2 2 2
left_child=2 -2 3 4 -1 -5 -3
right_child=1 6 -4 5 -6 -7 -8
leaf_value=-8.3309249754584633e-05 0.0068011171869875407 0.00066129454353358586 -0.0038426518812775612 0.0047519759990973399 -0.0046461056079715492 0.00017243641113926365 -0.0021912161679938434
leaf_weight=356 9.9999999999999982 16.000000000000004 9.9999999999999982 9.9999999999999982 9.9999999999999982 60 9.9999999999999982
leaf_count=356 10 16 10 10 10 60 10
internal_value=0 0.00157444 -0.000127085 -4.18651e-05 -0.000207976 0.000826656 -0.000435825
internal_weight=0 36 446 436 366 70 26
internal_count=482 36 446 436 366 70 26
is_linear=0
shrinkage=0.1


Tree=74
num_leaves=7
num_cat=0
split_feature=20 35 17 5 6 8
split_gain=0.00973759 0.114309 0.0348549 0.0113355 0.00289591 0.00318707
threshold=36.635000000000012 445.08596439611762 0.029040000000000003 0.035103711746861707 50.155221776097122 0.59784496057987058
decision_type=2 2 2 2 2 2
left_child=3 -2 -3 4 -1 -6
right_child=1 2 -4 -5 5 -7
leaf_value=0.0015488159639062361 0.010691921534016728 -0.0065085042128339397 0.00093177744437365198 -0.0034583866782486442 -4.213580357578541e-05 -0.0015262635052204132
leaf_weight=10.999999999999998 9.9999999999999982 10.000000000000002 17 9.9999999999999982 409 14.999999999999998
leaf_count=11 10 10 17 10 409 15
internal_value=0 0.00155877 -0.00182388 -0.000129605 -5.30817e-05 -9.46403e-05
internal_weight=0 37 27 445 435 424
internal_count=482 37 27 445 435 424
is_linear=0
shrinkage=0.1


Tree=75
num_leaves=9
num_cat=0
split_feature=5 26 28 6 21 27 1 1
split_gain=0.00985634 0.00495781 0.0141202 0.0194226 0.00803636 0.0168841 0.00247375 0.00115742
threshold=0.035103711746861707 35.398189182996255 86.150978812043419 54.687544103383964 34.720000000000006 55.351558454225959 14.500000000000002 14.500000000000002
decision_type=2 2 2 2 2 2 2 2
left_child=1 4 6 -4 5 -1 -3 -6
right_child=-2 2 3 -5 7 -7 -8 -9
leaf_value=0.0049198566563427434 0.0028300398689073821 -0.00063669875870752887 -0.0061779629933880623 -0.00040769813422230077 -0.00017234112653995352 -0.00089117937721312041 0.00089062077898537009 0.00018975440798385534
leaf_weight=10.000000000000002 11.999999999999998 19 10.000000000000002 13.999999999999998 245 9.9999999999999982 24 138
leaf_count=10 12 19 10 14 245 10 24 138
internal_value=0 -7.22563e-05 -0.000868803 -0.00281198 6.0172e-05 0.00201434 0.000215759 -4.18733e-05
internal_weight=0 470 67 24 403 20 43 383
internal_count=482 470 67 24 403 20 43 383
is_linear=0
shrinkage=0.1


Tree=76
num_leaves=9
num_cat=0
split_feature=13 6 32 9 1 15 26 9
split_gain=0.00817522 0.0188785 0.0052923 0.0346299 0.0241675 0.00156318 0.00141776 0.000553214
threshold=23.333333333333346 61.400901473314249 301.51534486108403 3.8508390439054376 14.500000000000002 0.51406525080048471 33.281954776839335 1.9829547071474376
decision_type=2 2 2 2 2 2 2 2
left_child=1 -1 3 5 6 -2 -4 -3
right_child=2 7 4 -5 -6 -7 -8 -9
leaf_value=0.0051469742017798111 1.4949439649593558e-05 0.00035730182531882411 -1.3391862254745014e-05 -0.0055052516244662314 0.0045185622356187271 -0.00062316905187312951 -0.0015207268682738337 -0.00067038305714959287
leaf_weight=10.000000000000002 358 11.000000000000002 12.000000000000002 11.999999999999998 12.999999999999998 43 12.999999999999998 9.9999999999999982
leaf_count=10 358 11 12 12 13 43 13 10
internal_value=0 0.00157085 -0.000107974 -0.000211882 0.00102135 -5.34772e-05 -0.000797206 -0.000132072
internal_weight=0 31 451 413 38 401 25 21
internal_count=482 31 451 413 38 401 25 21
is_linear=0
shrinkage=0.1


Tree=77
num_leaves=8
num_cat=0
split_feature=23 35 20 28 24 8 20
split_gain=0.00814119 0.0513288 0.0156996 0.0114533 0.00864549 0.00166482 0.00112304
threshold=505.87500000000006 331.38005618414212 35.150000000000006 99.243266750823423 27.833681914649087 0.59784496057987058 33.280000000000008
decision_type=2 2 2 2 2 2 2
left_child=2 -2 5 4 -3 6 -1
right_child=1 3 -4 -5 -6 -7 -8
leaf_value=-0.00010485862247262938 0.0059795382585434709 0.0026995601526533185 -0.0033112931767391275 -0.0028610209191146378 -6.1196547732139106e-05 -0.0013147801684681327 0.00078116405056789524
leaf_weight=309 15.999999999999998 12.999999999999998 15.999999999999998 12.999999999999998 89 10.999999999999998 14.999999999999998
leaf_count=309 16 13 16 13 89 11 15
internal_value=0 0.000672726 -0.000251074 -6.56129e-05 0.000290665 -0.000104915 -6.38391e-05
internal_weight=0 131 351 115 102 335 324
internal_count=482 131 351 115 102 335 324
is_linear=0
shrinkage=0.1


Tree=78
num_leaves=7
num_cat=0
split_feature=9 8 26 4 20 21
split_gain=0.00818713 0.00139913 0.00242548 0.00147174 0.00259881 0.00150233
threshold=3.8508390439054376 0.22688451188358072 29.220449234062169 24.989544232127106 36.635000000000012 38.315000000000005
decision_type=2 2 2 2 2 2
left_child=1 3 -3 5 -5 -1
right_child=-2 2 -4 4 -6 -7
leaf_value=-0.0014514496049378069 0.0020924984926952877 0.00015751649392768739 -0.0016408083853699891 3.3766350063568988e-05 0.0013491871242877096 -0.00018871685548844759
leaf_weight=9.9999999999999982 18 15.000000000000002 14.999999999999998 245 15.999999999999998 163
leaf_count=10 18 15 15 245 16 163
internal_value=0 -8.11745e-05 -0.000741646 -3.55198e-05 0.000114405 -0.000261707
internal_weight=0 464 30 434 261 173
internal_count=482 464 30 434 261 173
is_linear=0
shrinkage=0.1


Tree=79
num_leaves=7
num_cat=0
split_feature=26 29 5 22 8 20
split_gain=0.00729849 0.0290321 0.0110632 0.00813828 0.00516587 0.020955
threshold=36.844334816296445 38.922812737908238 0.035103711746861707 212.58500000000001 0.59784496057987058 36.820000000000007
decision_type=2 2 2 2 2 2
left_child=2 3 4 -2 5 -1
right_child=1 -3 -4 -5 -6 -7
leaf_value=1.1657837941646565e-05 0.001123541038832627 0.0059486871585249903 -0.00339919010642916 -0.0024575138379904359 0.001673751527286025 -0.004411418760719244
leaf_weight=408 15.000000000000002 9.9999999999999982 9.9999999999999982 10.999999999999998 17 10.999999999999998
leaf_count=408 15 10 10 11 17 11
internal_value=0 0.00136965 -0.000110555 -0.000391521 -3.51271e-05 -0.000104461
internal_weight=0 36 446 26 436 419
internal_count=482 36 446 26 436 419
is_linear=0
shrinkage=0.1


end of trees

feature_importances:
Cooling_Load_(kWh)=523
Average_Unmet_Cooling_Setpoint_Difference_(C)=48
Outdoor_Relative_Humidity_(%)=31
DHW_Heating_(kWh)=28
Indoor_Temperature_(C)=22
Outdoor_Drybulb_Temperature_(C)=21
24h_Outdoor_Drybulb_Temperature_(C)=18
24h_Direct_Solar_Radiation_(W/m2)=13
12h_Outdoor_Relative_Humidity_(%)=9
24h_Outdoor_Relative_Humidity_(%)=9
Indoor_Relative_Humidity_(%)=8
Equipment_Electric_Power_(kWh)=8
Direct_Solar_Radiation_(W/m2)=7
Temperature_Set_Point_(C)=6
Diffuse_Solar_Radiation_(W/m2)=6
Day_Type=5
kg_CO2/kWh=5
24h_Diffuse_Solar_Radiation_(W/m2)=5
6h_Outdoor_Relative_Humidity_(%)=4
Hour=3
24h_Prediction_Electricity_Pricing__$/kWh_=3
6h_Outdoor_Drybulb_Temperature_(C)=3
12h_Diffuse_Solar_Radiation_(W/m2)=3
6h_Prediction_Electricity_Pricing__$/kWh_=2
Solar_Generation_(W/kW)=1
Electricity_Pricing__$/kWh_=1
12h_Prediction_Electricity_Pricing__$/kWh_=1
6h_Direct_Solar_Radiation_(W/m2)=1
12h_Direct_Solar_Radiation_(W/m2)=1

parameters:
[boosting: gbdt]
[objective: regression]
[metric: l2]
[tree_learner: serial]
[device_type: cpu]
[data: ]
[valid: ]
[num_iterations: 80]
[learning_rate: 0.1]
[num_leaves: 16]
[num_threads: 1]
[deterministic: 0]
[force_col_wise: 0]
[force_row_wise: 0]
[histogram_pool_size: -1]
[max_depth: 4]
[min_data_in_leaf: 10]
[min_sum_hessian_in_leaf: 0.001]
[bagging_fraction: 0.9]
[pos_bagging_fraction: 1]
[neg_bagging_fraction: 1]
[bagging_freq: 0]
[bagging_seed: 3]
[feature_fraction: 0.9]
[feature_fraction_bynode: 1]
[feature_fraction_seed: 2]
[extra_trees: 0]
[extra_seed: 6]
[early_stopping_round: 0]
[first_metric_only: 0]
[max_delta_step: 0]
[lambda_l1: 0]
[lambda_l2: 0]
[linear_lambda: 0]
[min_gain_to_split: 0]
[drop_rate: 0.1]
[max_drop: 50]
[skip_drop: 0.5]
[xgboost_dart_mode: 0]
[uniform_drop: 0]
[drop_seed: 4]
[top_rate: 0.2]
[other_rate: 0.1]
[min_data_per_group: 100]
[max_cat_threshold: 32]
[cat_l2: 10]
[cat_smooth: 10]
[max_cat_to_onehot: 4]
[top_k: 20]
[monotone_constraints: ]
[monotone_constraints_method: basic]
[monotone_penalty: 0]
[feature_contri: ]
[forcedsplits_filename: ]
[refit_decay_rate: 0.9]
[cegb_tradeoff: 1]
[cegb_penalty_split: 0]
[cegb_penalty_feature_lazy: ]
[cegb_penalty_feature_coupled: ]
[path_smooth: 0]
[interaction_constraints: ]
[verbosity: -1]
[saved_feature_importance_type: 0]
[linear_tree: 0]
[max_bin: 255]
[max_bin_by_feature: ]
[min_data_in_bin: 3]
[bin_construct_sample_cnt: 200000]
[data_random_seed: 1]
[is_enable_sparse: 1]
[enable_bundle: 1]
[use_missing: 1]
[zero_as_missing: 0]
[feature_pre_filter: 1]
[pre_partition: 0]
[two_round: 0]
[header: 0]
[label_column: ]
[weight_column: ]
[group_column: ]
[ignore_column: ]
[categorical_feature: ]
[forcedbins_filename: ]
[precise_float_parser: 0]
[parser_config_file: ]
[objective_seed: 5]
[num_class: 1]
[is_unbalance: 0]
[scale_pos_weight: 1]
[sigmoid: 1]
[boost_from_average: 1]
[reg_sqrt: 0]
[alpha: 0.9]
[fair_c: 1]
[poisson_max_delta_step: 0.7]
[tweedie_variance_power: 1.5]
[lambdarank_truncation_level: 30]
[lambdarank_norm: 1]
[label_gain: ]
[lambdarank_position_bias_regularization: 0]
[eval_at: ]
[multi_error_top_k: 1]
[auc_mu_weights: ]
[num_machines: 1]
[local_listen_port: 12400]
[time_out: 120]
[machine_list_filename: ]
[machines: ]
[gpu_platform_id: -1]
[gpu_device_id: -1]
[gpu_use_dp: 0]
[num_gpu: 1]

end of parameters

pandas_categorical:[]
