tree
version=v4
num_class=1
num_tree_per_iteration=1
label_index=0
max_feature_idx=35
objective=regression
feature_names=Month Hour Day_Type Daylight_Savings_Status Indoor_Temperature_(C) Average_Unmet_Cooling_Setpoint_Difference_(C) Indoor_Relative_Humidity_(%) Equipment_Electric_Power_(kWh) DHW_Heating_(kWh) Cooling_Load_(kWh) Heating_Load_(kWh) Solar_Generation_(W/kW) Occupant_Count_(people) Temperature_Set_Point_(C) HVAC_Mode_(Off/Cooling/Heating) kg_CO2/kWh Electricity_Pricing__$/kWh_ 6h_Prediction_Electricity_Pricing__$/kWh_ 12h_Prediction_Electricity_Pricing__$/kWh_ 24h_Prediction_Electricity_Pricing__$/kWh_ Outdoor_Drybulb_Temperature_(C) Outdoor_Relative_Humidity_(%) Diffuse_Solar_Radiation_(W/m2) Direct_Solar_Radiation_(W/m2) 6h_Outdoor_Drybulb_Temperature_(C) 12h_Outdoor_Drybulb_Temperature_(C) 24h_Outdoor_Drybulb_Temperature_(C) 6h_Outdoor_Relative_Humidity_(%) 12h_Outdoor_Relative_Humidity_(%) 24h_Outdoor_Relative_Humidity_(%) 6h_Diffuse_Solar_Radiation_(W/m2) 12h_Diffuse_Solar_Radiation_(W/m2) 24h_Diffuse_Solar_Radiation_(W/m2) 6h_Direct_Solar_Radiation_(W/m2) 12h_Direct_Solar_Radiation_(W/m2) 24h_Direct_Solar_Radiation_(W/m2)
feature_infos=none [1:24] [1:7] none [21.675274662191104:24.999932147476983] [-1.4609243515427686:0.14651631718186309] [48.831595550716806:78.10605983234953] [0.16868312581394879:8.6652498573495276] [0:1.3129643214977718] [0:5.420441764584103] none [0:687.15852178569139] [0:1] [21.666666666666671:25.000000000000011] none [0.33751525247131398:0.54505021691256927] [0.028930000000000001:0.05867] [0.028930000000000001:0.05867] [0.028930000000000001:0.05867] [0.028930000000000001:0.05867] [21.379999999999999:40.32] [24.120000000000001:98.25] [0:408.69999999999999] [0:886.92999999999995] [21.385895012807637:40.448030901483051] [20.812239003382171:41.761423383460262] [20.947013524362529:40.33298102857114] [19.430299457014652:100] [18.750454935186248:100] [16.665542474905589:100] [0:448.59393372529718] [0:524.90876332100106] [0:486.88891634473225] [0:998.78608636720685] [0:1096.818864330259] [0:1148.8024499653848]
tree_sizes=888 913 917 912 920 915 923 921 922 926 929 930 932 630 931 936 951 935 937 633 1000 620 622 714 636 726 707 1016 811 824 640 641 624 624 626 626 626 642 608 627 911 625 624 625 904 606 826 806 738 622 742 624 606 639 824 625 606 889 827 626 723 720 999 732 639 629 643 641 629 644 709 641 730 620 628 921 627 816 607 725

Tree=0
num_leaves=9
num_cat=0
split_feature=7 7 7 7 7 7 7 7
split_gain=91.926 13.629 1.85163 1.44392 0.257818 0.163101 0.129854 0.0515494
threshold=0.89941101575694771 0.4151230536499812 0.61527093684879453 0.26026933295984173 0.72934324309955445 0.50074423800415269 0.30467588383938177 0.2106893162995789
decision_type=2 2 2 2 2 2 2 2
left_child=1 3 5 7 -4 -3 -5 -1
right_child=-2 2 4 6 -6 -7 -8 -9
leaf_value=0.42897868729336036 0.72883393557157428 0.45590962231836402 0.47664301456298735 0.43788086161301837 0.48787406967528257 0.46470038320523194 0.44604771413057986 0.43316343103915539
leaf_weight=144 11.999999999999998 46 60 25 31 39 88 37
leaf_count=144 12 46 60 25 31 39 88 37
internal_value=0.455525 0.448547 0.470556 0.435371 0.480469 0.459943 0.444241 0.429834
internal_weight=0 470 176 294 91 85 113 181
internal_count=482 470 176 294 91 85 113 181
is_linear=0
shrinkage=1


Tree=1
num_leaves=9
num_cat=0
split_feature=7 7 7 7 7 7 7 7
split_gain=74.46 11.0512 1.32732 1.32551 0.208832 0.132979 0.104439 0.0446071
threshold=0.89941101575694771 0.4440787193069799 0.30467588383938177 0.61527093684879453 0.72934324309955445 0.22500866487476848 0.50074423800415269 0.37923530188759719
decision_type=2 2 2 2 2 2 2 2
left_child=1 2 5 6 -5 -1 -3 -4
right_child=-2 3 7 4 -6 -7 -8 -9
leaf_value=-0.023776255015111131 0.24597805440425874 0.00089150877228300833 -0.0093541704118251801 0.019006232122580211 0.029114182245346811 -0.018033039569854737 0.0082578633458186418 -0.0045598065135655577
leaf_weight=151 11.999999999999998 38 69 60 31 55 39 27
leaf_count=151 12 38 69 60 31 55 39 27
internal_value=0 -0.00628029 -0.0177172 0.0142789 0.0224496 -0.0222429 0.00462252 -0.00800576
internal_weight=0 470 302 168 91 206 77 96
internal_count=482 470 302 168 91 206 77 96
is_linear=0
shrinkage=0.1


Tree=2
num_leaves=9
num_cat=0
split_feature=7 7 7 7 7 7 7 7
split_gain=60.3126 8.95255 1.21167 0.957282 0.169154 0.105803 0.0871146 0.0320681
threshold=0.89941101575694771 0.4151230536499812 0.61527093684879453 0.26026933295984173 0.72934324309955445 0.50074423800415269 0.33715099571784929 0.2106893162995789
decision_type=2 2 2 2 2 2 2 2
left_child=1 3 5 7 -4 -3 -5 -1
right_child=-2 2 4 6 -6 -7 -8 -9
leaf_value=-0.021514038203491105 0.22138025360181929 0.00035183317554385768 0.017105608383814495 -0.012585865316743201 0.026202763568970468 0.0074320773283640552 -0.0068916512788205903 -0.018213433953555857
leaf_weight=144 11.999999999999998 46 60 44 31 39 69 37
leaf_count=144 12 46 60 44 31 39 69 37
internal_value=0 -0.00565226 0.0121856 -0.0163307 0.0202046 0.00360042 -0.00910887 -0.0208393
internal_weight=0 470 176 294 91 85 113 181
internal_count=482 470 176 294 91 85 113 181
is_linear=0
shrinkage=0.1


Tree=3
num_leaves=9
num_cat=0
split_feature=7 7 7 7 7 7 7 7
split_gain=48.8532 7.25958 0.888095 0.876766 0.107997 0.0971352 0.085246 0.0301792
threshold=0.89941101575694771 0.4440787193069799 0.62873156864661073 0.30467588383938177 0.52703752069245857 0.72934324309955445 0.22500866487476848 0.37923530188759719
decision_type=2 2 2 2 2 2 2 2
left_child=1 3 4 6 -3 -4 -1 -5
right_child=-2 2 5 7 -6 -7 -8 -9
leaf_value=-0.01926252663332895 0.199242229348359 0.0012963168525501438 0.016430044052552203 -0.007572790656400763 0.0083099679223128733 0.023582486760231756 -0.01466419046575373 -0.0036292822824584114
leaf_weight=151 11.999999999999998 46 49 69 42 31 55 27
leaf_count=151 12 46 49 69 42 31 55 27
internal_value=0 -0.00508704 0.0115761 -0.0143566 0.00464374 0.0192016 -0.0180348 -0.00646368
internal_weight=0 470 168 302 88 80 206 96
internal_count=482 470 168 302 88 80 206 96
is_linear=0
shrinkage=0.1


Tree=4
num_leaves=9
num_cat=0
split_feature=7 7 7 7 7 7 7 7
split_gain=39.5711 5.88044 0.803786 0.635174 0.1061 0.0786795 0.0580733 0.0209841
threshold=0.89941101575694771 0.4151230536499812 0.62873156864661073 0.26026933295984173 0.52703752069245857 0.72934324309955445 0.34896119472991954 0.19896482041342267
decision_type=2 2 2 2 2 2 2 2
left_child=1 3 4 7 -3 -4 -5 -1
right_child=-2 2 5 6 -6 -7 -8 -9
leaf_value=-0.017654134821696362 0.17931801018615565 0.00077748525439313163 0.014787040468381377 -0.0098948052525520344 0.0074789711407252726 0.021224237930390143 -0.0053305269529422133 -0.015357042722782847
leaf_weight=122 11.999999999999998 54 49 50 42 31 63 59
leaf_count=122 12 54 49 50 42 31 63 59
internal_value=0 -0.00457833 0.00987851 -0.0132328 0.00370939 0.0172815 -0.00735012 -0.0169054
internal_weight=0 470 176 294 96 80 113 181
internal_count=482 470 176 294 96 80 113 181
is_linear=0
shrinkage=0.1


Tree=5
num_leaves=9
num_cat=0
split_feature=7 7 7 7 7 7 7 7
split_gain=32.0526 4.77054 0.585588 0.579792 0.0791043 0.0564706 0.0542441 0.020497
threshold=0.89941101575694771 0.4440787193069799 0.65148810196467621 0.30467588383938177 0.52703752069245857 0.23328182712313503 0.72934324309955445 0.3677672906738369
decision_type=2 2 2 2 2 2 2 2
left_child=1 3 4 5 -3 -1 -4 -5
right_child=-2 2 6 7 -6 -7 -8 -9
leaf_value=-0.015400580850225935 0.16138621096809705 0.0010889366350096206 0.013665607538488176 -0.0063734320134429603 0.0069535049569347633 -0.011087369536225862 0.019101814877602361 -0.0033711362730812384
leaf_weight=169 11.999999999999998 46 45 59 46 37 31 37
leaf_count=169 12 46 45 59 46 37 31 37
internal_value=0 -0.0041205 0.00938727 -0.0116348 0.00402122 -0.0146259 0.015883 -0.0052163
internal_weight=0 470 168 302 92 206 76 96
internal_count=482 470 168 302 92 206 76 96
is_linear=0
shrinkage=0.1


Tree=6
num_leaves=9
num_cat=0
split_feature=7 7 7 7 7 7 7 7
split_gain=25.9626 3.87283 0.655251 0.303838 0.0481053 0.0454778 0.0439377 0.0336545
threshold=0.89941101575694771 0.46279871351387242 0.30467588383938177 0.65148810196467621 0.2106893162995789 0.38940951007524188 0.72934324309955445 0.56170324641364811
decision_type=2 2 2 2 2 2 2 2
left_child=1 2 4 7 -1 -4 -5 -3
right_child=-2 3 5 6 -6 -7 -8 -9
leaf_value=-0.014166005100640986 0.14524758060773213 0.0034505514491518794 -0.0052182808978322118 0.012299046996566984 -0.010834405330880996 -0.0010618993057272374 0.017191633534046912 0.0081058153882622719
leaf_weight=144 11.999999999999998 44 81 45 62 39 31 24
leaf_count=144 12 44 81 45 62 39 31 24
internal_value=0 -0.00370845 -0.00974151 0.00994973 -0.0131633 -0.00386746 0.0142947 0.00509359
internal_weight=0 470 326 144 206 120 76 68
internal_count=482 470 326 144 206 120 76 68
is_linear=0
shrinkage=0.1


Tree=7
num_leaves=9
num_cat=0
split_feature=7 7 7 7 7 7 7 7
split_gain=21.0297 3.13699 0.530753 0.246108 0.0394673 0.0375454 0.0367853 0.0272602
threshold=0.89941101575694771 0.46279871351387242 0.30467588383938177 0.65148810196467621 0.24035607823005062 0.37923530188759719 0.77420069456358254 0.56170324641364811
decision_type=2 2 2 2 2 2 2 2
left_child=1 2 4 7 -1 -4 -5 -3
right_child=-2 3 5 6 -6 -7 -8 -9
leaf_value=-0.012462364903889425 0.13072282671928406 0.0031054963738742203 -0.0050014269740685175 0.011639625386431299 -0.0087337419171543678 -0.0014232722859756622 0.016814427905612522 0.00729523381839196
leaf_weight=172 11.999999999999998 44 69 58 34 51 18 24
leaf_count=172 12 44 69 58 34 51 18 24
internal_value=0 -0.0033376 -0.00876736 0.00895476 -0.011847 -0.00348071 0.0128652 0.00458423
internal_weight=0 470 326 144 206 120 76 68
internal_count=482 470 326 144 206 120 76 68
is_linear=0
shrinkage=0.1


Tree=8
num_leaves=9
num_cat=0
split_feature=7 7 7 7 7 7 7 7
split_gain=17.0341 2.54582 0.352958 0.27783 0.059329 0.0270043 0.0260481 0.0117349
threshold=0.89941101575694771 0.4151230536499812 0.57306375685150102 0.26026933295984173 0.67982955761594843 0.34896119472991954 0.50074423800415269 0.19474804459942127
decision_type=2 2 2 2 2 2 2 2
left_child=1 3 6 7 -4 -5 -3 -1
right_child=-2 2 4 5 -6 -7 -8 -9
leaf_value=-0.011744451758108641 0.11765054414669673 0.00013695465421061155 0.0078346150495657105 -0.0065428920015692714 0.012900644090940367 -0.0034304558816883298 0.0037283603153708909 -0.010076865709539671
leaf_weight=114 11.999999999999998 46 41 50 53 63 36 67
leaf_count=114 12 46 41 50 53 63 36 67
internal_value=0 -0.00300384 0.00650838 -0.00869823 0.010691 -0.00480764 0.00171367 -0.0111272
internal_weight=0 470 176 294 94 113 82 181
internal_count=482 470 176 294 94 113 82 181
is_linear=0
shrinkage=0.1


Tree=9
num_leaves=9
num_cat=0
split_feature=7 7 7 7 7 7 7 7
split_gain=13.7976 2.06446 0.253278 0.252449 0.0480565 0.0271173 0.01667 0.00965344
threshold=0.89941101575694771 0.4440787193069799 0.26026933295984173 0.57306375685150102 0.67982955761594843 0.34896119472991954 0.50074423800415269 0.19896482041342267
decision_type=2 2 2 2 2 2 2 2
left_child=1 2 7 6 -5 -4 -3 -1
right_child=-2 3 5 4 -6 -7 -8 -9
leaf_value=-0.010522315932101891 0.10588549027840298 0.00035262483993153042 -0.0058886028751730926 0.0070511536445559521 0.011610580109200387 -0.0028484037644426591 0.0033555243164300921 -0.0089642911644305222
leaf_weight=122 11.999999999999998 38 50 41 53 71 36 59
leaf_count=122 12 38 50 41 53 71 36 59
internal_value=0 -0.00270346 -0.00764663 0.00618248 0.00962189 -0.00410468 0.00181349 -0.0100145
internal_weight=0 470 302 168 94 121 74 181
internal_count=482 470 302 168 94 121 74 181
is_linear=0
shrinkage=0.1


Tree=10
num_leaves=9
num_cat=0
split_feature=7 7 7 7 7 7 7 7
split_gain=11.1761 1.67585 0.283832 0.132329 0.0251123 0.0222035 0.0201751 0.0137519
threshold=0.89941101575694771 0.46279871351387242 0.30467588383938177 0.65148810196467621 0.77420069456358254 0.2106893162995789 0.37923530188759719 0.56170324641364811
decision_type=2 2 2 2 2 2 2 2
left_child=1 2 5 7 -5 -1 -4 -3
right_child=-2 3 6 4 -6 -7 -8 -9
leaf_value=-0.0093350352926386739 0.095296940921495363 0.0022963769919111987 -0.003650476705228937 0.0084062392213221267 0.012681862049632604 -0.0070716041230386301 -0.0010275332585853688 0.0052721807888398567
leaf_weight=144 11.999999999999998 44 69 58 18 62 51 24
leaf_count=144 12 44 69 58 18 62 51 24
internal_value=0 -0.00243311 -0.00640175 0.00655145 0.00941889 -0.00865381 -0.00253573 0.00334666
internal_weight=0 470 326 144 76 206 120 68
internal_count=482 470 326 144 76 206 120 68
is_linear=0
shrinkage=0.1


Tree=11
num_leaves=9
num_cat=0
split_feature=7 7 7 7 7 7 7 7
split_gain=9.0526 1.36014 0.185747 0.148161 0.0341408 0.0142412 0.0138004 0.00653008
threshold=0.89941101575694771 0.4151230536499812 0.57306375685150102 0.26026933295984173 0.69372885522194527 0.33715099571784929 0.46279871351387242 0.19113484834817748
decision_type=2 2 2 2 2 2 2 2
left_child=1 3 6 7 -4 -5 -3 -1
right_child=-2 2 4 5 -6 -7 -8 -9
leaf_value=-0.0086543796693577483 0.085767246068765735 -0.00033688503317534928 0.0061210170247644746 -0.0049167071807790889 0.0099640212044483298 -0.0026144101729859478 0.0023225744473747909 -0.0074432662204851081
leaf_weight=102 11.999999999999998 32 53 44 41 69 50 79
leaf_count=102 12 32 53 44 41 69 50 79
internal_value=0 -0.0021898 0.004763 -0.00635202 0.00779722 -0.00351088 0.00128474 -0.00812577
internal_weight=0 470 176 294 94 113 82 181
internal_count=482 470 176 294 94 113 82 181
is_linear=0
shrinkage=0.1


Tree=12
num_leaves=9
num_cat=0
split_feature=7 7 7 7 7 7 7 7
split_gain=7.33261 1.10171 0.151989 0.12001 0.0228214 0.0179631 0.0118612 0.00539095
threshold=0.89941101575694771 0.4151230536499812 0.65148810196467621 0.26026933295984173 0.52703752069245857 0.77420069456358254 0.35689456065062292 0.19474804459942127
decision_type=2 2 2 2 2 2 2 2
left_child=1 3 4 7 -3 -4 -5 -1
right_child=-2 2 5 6 -6 -7 -8 -9
leaf_value=-0.0077315815969517358 0.077190520086636155 0.00033053560247127384 0.0068011189329213115 -0.0041934291100395584 0.0033616025021056769 0.010417273723416859 -0.0021442884252521033 -0.0066013121004424875
leaf_weight=114 11.999999999999998 54 58 56 46 18 57 67
leaf_count=114 12 54 58 56 46 18 57 67
internal_value=0 -0.00197082 0.0042867 -0.00571682 0.00172483 0.00765758 -0.00315979 -0.00731319
internal_weight=0 470 176 294 100 76 113 181
internal_count=482 470 176 294 100 76 113 181
is_linear=0
shrinkage=0.1


Tree=13
num_leaves=5
num_cat=0
split_feature=9 32 8 8
split_gain=3.40575 1.35675 0.834199 1.2265
threshold=3.9759902100637654 393.58116438597239 0.70536080156810066 0.35552137738255896
decision_type=2 2 2 2
left_child=1 2 3 -1
right_child=-2 -3 -4 -5
leaf_value=-0.0022412479431112085 0.052606729821612443 0.033363303334706211 -0.027145218138153168 0.033179487485904248
leaf_weight=436 11.999999999999998 10.999999999999998 12.999999999999998 9.9999999999999982
leaf_count=436 12 11 13 10
internal_value=0 -0.00134315 -0.0021749 -0.00144706
internal_weight=0 470 459 446
internal_count=482 470 459 446
is_linear=0
shrinkage=0.1


Tree=14
num_leaves=9
num_cat=0
split_feature=7 7 7 7 7 7 7 7
split_gain=5.90488 0.841399 0.164377 0.0633258 0.0155621 0.0114245 0.0108756 0.0103149
threshold=0.89941101575694771 0.50074423800415269 0.30467588383938177 0.67982955761594843 0.57306375685150102 0.2106893162995789 0.3677672906738369 0.77420069456358254
decision_type=2 2 2 2 2 2 2 2
left_child=1 2 5 4 -3 -1 -4 -5
right_child=-2 3 6 7 -6 -7 -8 -9
leaf_value=-0.0066468777445455388 0.069269250333309176 0.0017257543203110497 -0.0026743616087962006 0.0067338242913995471 0.0045750388489445536 -0.0050232950297574852 -0.00085959196727102005 0.0096795998513698588
leaf_weight=144 11.999999999999998 36 59 35 41 62 75 18
leaf_count=144 12 36 59 35 41 62 75 18
internal_value=0 -0.00176858 -0.00438486 0.005074 0.00324291 -0.00615823 -0.00165863 0.00773428
internal_weight=0 470 340 130 77 206 134 53
internal_count=482 470 340 130 77 206 134 53
is_linear=0
shrinkage=0.1


Tree=15
num_leaves=9
num_cat=0
split_feature=7 7 7 7 7 7 4 7
split_gain=4.78296 0.684951 0.0964435 0.0835467 0.0229926 0.00925382 0.00450921 0.00416487
threshold=0.89941101575694771 0.45473322794292054 0.30467588383938177 0.57306375685150102 0.69372885522194527 0.2106893162995789 24.990251600557468 0.36114856162418163
decision_type=2 2 2 2 2 2 2 2
left_child=1 2 5 6 -5 -1 -3 -4
right_child=-2 3 7 4 -6 -7 -8 -9
leaf_value=-0.0059821899152464339 0.062342328329881042 -0.00021819839963600751 -0.0026448507796712445 0.0043451041339035591 0.0074988634211987986 -0.0045209653975982816 0.001591371888644062 -0.0013747103734692533
leaf_weight=144 11.999999999999998 21 42 53 41 62 40 67
leaf_count=144 12 21 42 53 41 62 40 67
internal_value=0 -0.00159172 -0.0042696 0.00385043 0.00572068 -0.0055424 0.000968405 -0.00186412
internal_weight=0 470 315 155 94 206 61 109
internal_count=482 470 315 155 94 206 61 109
is_linear=0
shrinkage=0.1


Tree=16
num_leaves=9
num_cat=0
split_feature=7 7 7 7 7 7 32 7
split_gain=3.87419 0.555192 0.0904564 0.0560277 0.0133665 0.00772475 0.00629542 0.00482459
threshold=0.89941101575694771 0.46279871351387242 0.30467588383938177 0.65148810196467621 0.760615327641749 0.19896482041342267 290.77750074075095 0.3677672906738369
decision_type=2 2 2 2 2 2 2 2
left_child=1 2 5 6 -5 -1 -3 -4
right_child=-2 3 7 4 -6 -7 -8 -9
leaf_value=-0.0054962858435560445 0.056108089908957486 0.0021653177259034944 -0.002179037664732817 0.0047309390181359259 0.007617723439698635 -0.0042501762908484257 -0.00015519206567356984 -0.0009107143110519306
leaf_weight=122 11.999999999999998 53 59 53 23 84 14.999999999999998 61
leaf_count=122 12 53 59 53 23 84 15 61
internal_value=0 -0.00143255 -0.00371681 0.00373876 0.00560457 -0.00498816 0.00165344 -0.00153431
internal_weight=0 470 326 144 76 206 68 120
internal_count=482 470 326 144 76 206 68 120
is_linear=0
shrinkage=0.1


Tree=17
num_leaves=9
num_cat=0
split_feature=7 7 7 7 7 7 7 7
split_gain=3.1381 0.451416 0.0861352 0.0344216 0.0080075 0.00639118 0.00626424 0.00560181
threshold=0.89941101575694771 0.50074423800415269 0.30467588383938177 0.67982955761594843 0.57306375685150102 0.22500866487476848 0.77420069456358254 0.3677672906738369
decision_type=2 2 2 2 2 2 2 2
left_child=1 2 5 4 -3 -1 -5 -4
right_child=-2 3 7 6 -6 -7 -8 -9
leaf_value=-0.0048255100525570228 0.050497285525004071 0.0012843692520012459 -0.0019611338887489953 0.0049043508938380652 0.0033282273338267176 -0.0035664271901954311 0.0071999810636043556 -0.00065868729551827232
leaf_weight=151 11.999999999999998 36 59 35 41 55 18 75
leaf_count=151 12 36 59 35 41 55 18 75
internal_value=0 -0.00128929 -0.00320563 0.00372267 0.00237266 -0.00448935 0.005684 -0.00123215
internal_weight=0 470 340 130 77 206 53 134
internal_count=482 470 340 130 77 206 53 134
is_linear=0
shrinkage=0.1


Tree=18
num_leaves=9
num_cat=0
split_feature=7 7 7 7 7 7 4 7
split_gain=2.54186 0.366943 0.0520436 0.0446946 0.0128995 0.00563298 0.00350617 0.00211567
threshold=0.89941101575694771 0.45473322794292054 0.26026933295984173 0.57306375685150102 0.69372885522194527 0.34896119472991954 24.990251600557468 0.19896482041342267
decision_type=2 2 2 2 2 2 2 2
left_child=1 2 7 6 -5 -4 -3 -1
right_child=-2 3 5 4 -6 -7 -8 -9
leaf_value=-0.004464106249516128 0.045447554687658952 -0.0003313817083835602 -0.0024668782604858278 0.003160503816808451 0.0055227228826502479 -0.0011262856898177969 0.0012642838731699159 -0.0037347197280091756
leaf_weight=122 11.999999999999998 21 50 53 41 84 40 59
leaf_count=122 12 21 50 53 41 84 40 59
internal_value=0 -0.00116036 -0.00312039 0.00282291 0.00419083 -0.00162651 0.000714956 -0.00422635
internal_weight=0 470 315 155 94 134 61 181
internal_count=482 470 315 155 94 134 61 181
is_linear=0
shrinkage=0.1


Tree=19
num_leaves=5
num_cat=0
split_feature=9 8 32 8
split_gain=2.49497 1.27214 0.806741 0.801761
threshold=3.9759902100637654 0.70536080156810066 393.58116438597239 0.35552137738255896
decision_type=2 2 2 2
left_child=1 2 3 -1
right_child=-2 -3 -4 -5
leaf_value=-0.0015740924291211232 0.045026407887538276 -0.031996073353534132 0.026481333904137667 0.02706416547531262
leaf_weight=436 11.999999999999998 12.999999999999998 10.999999999999998 9.9999999999999982
leaf_count=436 12 13 11 10
internal_value=0 -0.00114961 -0.00027214 -0.000931979
internal_weight=0 470 457 446
internal_count=482 470 457 446
is_linear=0
shrinkage=0.1


Tree=20
num_leaves=9
num_cat=0
split_feature=7 7 7 7 9 9 8 7
split_gain=2.06467 0.287023 0.0479998 0.0286145 0.0156025 0.0153574 0.0051674 0.00413906
threshold=0.89941101575694771 0.50074423800415269 0.30467588383938177 0.69372885522194527 3.5540213896973354 3.8508390439054376 0.10529339355071186 0.7918923666019666
decision_type=2 2 2 2 2 2 2 2
left_child=1 2 6 5 -4 -3 -1 -5
right_child=-2 3 4 7 -6 -7 -8 -9
leaf_value=-0.0034190176472980154 0.040959975868463519 0.0024110765367321954 -0.00079422050494618057 0.0045659002517500239 -0.0049004053743556143 -0.0017484102398157121 -0.0057494776509702215 0.006905609043315053
leaf_weight=196 11.999999999999998 79 124 31 9.9999999999999982 9.9999999999999982 9.9999999999999982 9.9999999999999982
leaf_count=196 12 79 124 31 10 10 10 10
internal_value=0 -0.00104579 -0.00257385 0.00295069 -0.00110065 0.00194372 -0.00353215 0.00513656
internal_weight=0 470 340 130 134 89 206 41
internal_count=482 470 340 130 134 89 206 41
is_linear=0
shrinkage=0.1


Tree=21
num_leaves=5
num_cat=0
split_feature=9 8 7 7
split_gain=2.01929 1.11327 0.908432 0.197756
threshold=3.9759902100637654 0.70536080156810066 0.7918923666019666 0.38940951007524188
decision_type=2 2 2 2
left_child=1 2 3 -1
right_child=-2 -3 -4 -5
leaf_value=-0.0026370912429574934 0.040507382309685154 -0.029890346785004324 0.023193711016210729 0.0017854808415041551
leaf_weight=284 11.999999999999998 12.999999999999998 15.999999999999998 157
leaf_count=284 12 13 16 157
internal_value=0 -0.00103423 -0.000213379 -0.00106262
internal_weight=0 470 457 441
internal_count=482 470 457 441
is_linear=0
shrinkage=0.1


Tree=22
num_leaves=5
num_cat=0
split_feature=9 8 7 7
split_gain=1.63562 0.901749 0.73583 0.164498
threshold=3.9759902100637654 0.70536080156810066 0.7918923666019666 0.46279871351387242
decision_type=2 2 2 2
left_child=1 2 3 -1
right_child=-2 -3 -4 -5
leaf_value=-0.0021507422850035908 0.036456640623509888 -0.026901310624984593 0.020874337444547565 0.0021666779890885486
leaf_weight=319 11.999999999999998 12.999999999999998 15.999999999999998 122
leaf_count=319 12 13 16 122
internal_value=0 -0.000930808 -0.000192041 -0.000956354
internal_weight=0 470 457 441
internal_count=482 470 457 441
is_linear=0
shrinkage=0.1


Tree=23
num_leaves=6
num_cat=0
split_feature=7 9 7 7 32
split_gain=1.48219 0.249558 0.185192 0.0375047 0.0270925
threshold=0.89941101575694771 3.9759902100637654 0.45473322794292054 0.26026933295984173 371.89178336845197
decision_type=2 2 2 2 2
left_child=1 2 3 -1 -4
right_child=-2 -3 4 -5 -6
leaf_value=-0.0028456776582980684 0.034704528252283734 -0.01577100862156261 0.0027466079499192902 -0.00061923245353122749 -0.0026437307335436346
leaf_weight=181 11.999999999999998 10.999999999999998 138 130 9.9999999999999982
leaf_count=181 12 11 138 130 10
internal_value=0 -0.000886073 -0.000529354 -0.00191501 0.0023824
internal_weight=0 470 459 311 148
internal_count=482 470 459 311 148
is_linear=0
shrinkage=0.1


Tree=24
num_leaves=5
num_cat=0
split_feature=9 8 32 8
split_gain=1.4199 0.789753 0.581391 0.569413
threshold=3.9759902100637654 0.70536080156810066 393.58116438597239 0.35552137738255896
decision_type=2 2 2 2
left_child=1 2 3 -1
right_child=-2 -3 -4 -5
leaf_value=-0.0012771672104355033 0.033967451006174092 -0.025171548070815893 0.022535691444169392 0.022857302762567998
leaf_weight=436 11.999999999999998 12.999999999999998 10.999999999999998 9.9999999999999982
leaf_count=436 12 13 11 10
internal_value=0 -0.000867254 -0.000175885 -0.000736036
internal_weight=0 470 457 446
internal_count=482 470 457 446
is_linear=0
shrinkage=0.1


Tree=25
num_leaves=6
num_cat=0
split_feature=7 8 7 8 5
split_gain=1.20302 0.20223 0.100521 0.0600319 0.00959613
threshold=0.89941101575694771 0.70536080156810066 0.65148810196467621 0.32387242657028298 -0.004208851868408899
decision_type=2 2 2 2 2
left_child=1 2 3 -1 -4
right_child=-2 -3 4 -5 -6
leaf_value=-0.0015595778128122317 0.031265889604886375 0.012601061097600244 -0.00043844603510065513 -0.0094099607877433308 0.0027664749011878046
leaf_weight=376 11.999999999999998 10.999999999999998 10.999999999999998 9.9999999999999982 62
leaf_count=376 12 11 11 10 62
internal_value=0 -0.000798278 -0.0011194 -0.00176296 0.00228354
internal_weight=0 470 459 386 73
internal_count=482 470 459 386 73
is_linear=0
shrinkage=0.1


Tree=26
num_leaves=6
num_cat=0
split_feature=9 8 15 26 8
split_gain=1.14225 0.742587 0.471629 2.67097 0.517406
threshold=3.9759902100637654 0.70536080156810066 0.51127874219165192 26.343127399316476 0.11433225903040196
decision_type=2 2 2 2 2
left_child=1 2 4 -4 -1
right_child=-2 -3 3 -5 -6
leaf_value=-0.00042747497105341461 0.030465949699282648 -0.024345226184679911 0.055321648428216574 -0.00086196263109079819 -0.014773467364318128
leaf_weight=365 11.999999999999998 12.999999999999998 9.9999999999999982 55 27
leaf_count=365 12 13 10 55 27
internal_value=0 -0.000777854 -0.000107447 0.00778167 -0.00141559
internal_weight=0 470 457 65 392
internal_count=482 470 457 65 392
is_linear=0
shrinkage=0.1


Tree=27
num_leaves=9
num_cat=0
split_feature=27 27 8 9 7 27 7 8
split_gain=1.05577 5.06061 1.26381 0.613781 1.20875 0.353924 0.323151 0.0366946
threshold=35.952475584776103 34.735919021215757 0.70536080156810066 3.5540213896973354 0.77420069456358254 59.006278067870817 0.77420069456358254 0.10899028239315182
decision_type=2 2 2 2 2 2 2 2
left_child=1 6 3 4 -2 -5 7 -1
right_child=2 -3 -4 5 -6 -7 -8 -9
leaf_value=0.0012394628953188659 -0.0010910233915490061 0.070449955852624646 -0.037075157016515731 -0.031340441238135085 0.034144072728231549 -0.0053467393048446284 -0.017098163897171618 0.0080120691098272811
leaf_weight=40 369 11.999999999999998 9.9999999999999982 10.000000000000002 9.9999999999999982 10.999999999999998 9.9999999999999982 9.9999999999999982
leaf_count=40 369 12 10 10 10 11 10 10
internal_value=0 0.0111683 -0.00196126 -0.00108341 -0.000161337 -0.0177247 -0.000688041 0.00259398
internal_weight=0 72 410 400 379 21 60 50
internal_count=482 72 410 400 379 21 60 50
is_linear=0
shrinkage=0.1


Tree=28
num_leaves=7
num_cat=0
split_feature=20 22 7 7 4 7
split_gain=0.962643 0.522301 6.18612 4.24972 0.0983139 0.0597199
threshold=37.360000000000007 154.93500000000003 0.69372885522194527 0.7918923666019666 24.113317889286957 0.30467588383938177
decision_type=2 2 2 2 2 2
left_child=1 2 5 4 -3 -1
right_child=-2 3 -4 -5 -6 -7
leaf_value=-0.0022019846620969473 0.024118041212204844 -0.0073071901220828298 0.078681261241436012 -0.058280194324574298 0.0014043787254118605 0.00055763871000170365
leaf_weight=205 15.999999999999998 14.999999999999998 9.9999999999999982 13.999999999999998 95 127
leaf_count=205 16 15 10 14 95 127
internal_value=0 -0.000828087 0.00118779 -0.00638802 0.000216438 -0.00114635
internal_weight=0 466 342 124 110 332
internal_count=482 466 342 124 110 332
is_linear=0
shrinkage=0.1


Tree=29
num_leaves=7
num_cat=0
split_feature=9 26 7 7 8 32
split_gain=0.952655 0.46469 6.9207 6.11237 0.0373897 0.0335143
threshold=3.9759902100637654 28.449792063346116 0.69372885522194527 0.7918923666019666 0.21391869568562322 371.89178336845197
decision_type=2 2 2 2 2 2
left_child=1 2 4 5 -1 -3
right_child=-2 3 -4 -5 -6 -7
leaf_value=-0.0015716426827998089 0.027822911242643994 0.00098063814734178855 0.079755417151715274 -0.063605532102519652 0.0046712733164895326 -0.0046999797902323986
leaf_weight=236 11.999999999999998 186 10.999999999999998 15.999999999999998 9.9999999999999982 10.999999999999998
leaf_count=236 12 186 11 16 10 11
internal_value=0 -0.000710372 0.0021522 -0.00416427 -0.00131787 0.000663446
internal_weight=0 470 257 213 246 197
internal_count=482 470 257 213 246 197
is_linear=0
shrinkage=0.1


Tree=30
num_leaves=5
num_cat=0
split_feature=7 9 8 7
split_gain=1.04491 0.506502 0.335852 0.0609621
threshold=0.89941101575694771 3.9759902100637654 0.70536080156810066 0.77420069456358254
decision_type=2 2 2 2
left_child=1 2 3 -1
right_child=-2 -3 -4 -5
leaf_value=-0.00086345249844794179 0.029139026006062826 -0.021949628266421231 0.017889758050441743 0.0054221845639403909
leaf_weight=433 11.999999999999998 10.999999999999998 9.9999999999999982 15.999999999999998
leaf_count=433 12 11 10 16
internal_value=0 -0.000743975 -0.000235779 -0.000639465
internal_weight=0 470 459 449
internal_count=482 470 459 449
is_linear=0
shrinkage=0.1


Tree=31
num_leaves=5
num_cat=0
split_feature=7 8 8 5
split_gain=0.84638 0.203947 0.0641144 0.059616
threshold=0.89941101575694771 0.70536080156810066 0.35552137738255896 0.035103711746861707
decision_type=2 2 2 2
left_child=1 2 3 -1
right_child=-2 -3 -4 -5
leaf_value=-0.00061548390715645196 0.026225121815999348 0.01278655312278054 -0.0085345348512584525 -0.00776022388599813
leaf_weight=436 11.999999999999998 10.999999999999998 10.999999999999998 11.999999999999998
leaf_count=436 12 11 11 12
internal_value=0 -0.000669578 -0.000992056 -0.000806861
internal_weight=0 470 459 448
internal_count=482 470 459 448
is_linear=0
shrinkage=0.1


Tree=32
num_leaves=5
num_cat=0
split_feature=9 7 8 7
split_gain=0.890911 0.56154 0.229214 0.0566204
threshold=3.9759902100637654 0.89941101575694771 0.70536080156810066 0.34896119472991954
decision_type=2 2 2 2
left_child=1 2 3 -1
right_child=-2 -3 -4 -5
leaf_value=-0.001590951494954265 0.026906179140011473 -0.023015053163875233 0.014822126924991609 0.00065523587381656869
leaf_weight=228 11.999999999999998 10.999999999999998 9.9999999999999982 221
leaf_count=228 12 11 10 221
internal_value=0 -0.000686966 -0.00015187 -0.000485367
internal_weight=0 470 459 449
internal_count=482 470 459 449
is_linear=0
shrinkage=0.1


Tree=33
num_leaves=5
num_cat=0
split_feature=7 9 8 35
split_gain=0.799476 0.518291 0.185664 0.0505899
threshold=0.89941101575694771 3.9759902100637654 0.70536080156810066 417.83275126037756
decision_type=2 2 2 2
left_child=1 2 3 -1
right_child=-2 -3 -4 -5
leaf_value=-0.0010961425133610859 0.025488106409708663 -0.022101780501278964 0.013339914306998253 0.0012721067642094568
leaf_weight=324 11.999999999999998 10.999999999999998 9.9999999999999982 125
leaf_count=324 12 11 10 125
internal_value=0 -0.00065076 -0.000136683 -0.00043683
internal_weight=0 470 459 449
internal_count=482 470 459 449
is_linear=0
shrinkage=0.1


Tree=34
num_leaves=5
num_cat=0
split_feature=8 7 8 5
split_gain=0.770691 3.35728 0.0704815 0.0480185
threshold=0.70536080156810066 0.7918923666019666 0.35552137738255896 0.035103711746861707
decision_type=2 2 2 2
left_child=1 2 3 -1
right_child=-2 -3 -4 -5
leaf_value=-0.00059002426836643994 -0.023119351214596205 0.044316501455271946 -0.009254523627460003 -0.007003662257920951
leaf_weight=429 13.999999999999998 17 9.9999999999999982 11.999999999999998
leaf_count=429 14 17 10 12
internal_value=0 0.000691605 -0.000952793 -0.000764545
internal_weight=0 468 451 441
internal_count=482 468 451 441
is_linear=0
shrinkage=0.1


Tree=35
num_leaves=5
num_cat=0
split_feature=9 7 8 26
split_gain=0.848625 0.714399 0.21153 0.0361301
threshold=3.9759902100637654 0.89941101575694771 0.70536080156810066 30.380149797887977
decision_type=2 2 2 2
left_child=1 2 3 -1
right_child=-2 -3 -4 -5
leaf_value=-0.0010450545894805333 0.026259879643718405 -0.025854850899089468 0.014317858144640922 0.00083606480771881856
leaf_weight=292 11.999999999999998 10.999999999999998 9.9999999999999982 157
leaf_count=292 12 11 10 157
internal_value=0 -0.000670465 -6.69176e-05 -0.000387291
internal_weight=0 470 459 449
internal_count=482 470 459 449
is_linear=0
shrinkage=0.1


Tree=36
num_leaves=5
num_cat=0
split_feature=9 7 8 22
split_gain=0.687386 0.578663 0.17134 0.0308594
threshold=3.9759902100637654 0.89941101575694771 0.70536080156810066 156.78000000000003
decision_type=2 2 2 2
left_child=1 2 3 -1
right_child=-2 -3 -4 -5
leaf_value=-0.00080658403692427261 0.023633891344070436 -0.023269368301738393 0.012886072173714638 0.0011520049367321743
leaf_weight=344 11.999999999999998 10.999999999999998 9.9999999999999982 105
leaf_count=344 12 11 10 105
internal_value=0 -0.000603419 -6.02259e-05 -0.000348562
internal_weight=0 470 459 449
internal_count=482 470 459 449
is_linear=0
shrinkage=0.1


Tree=37
num_leaves=5
num_cat=0
split_feature=7 9 8 32
split_gain=0.725532 0.627682 0.138785 0.0274404
threshold=0.89941101575694771 3.9759902100637654 0.70536080156810066 393.58116438597239
decision_type=2 2 2 2
left_child=1 2 3 -1
right_child=-2 -3 -4 -5
leaf_value=-0.00019571744056374863 0.024280811846256259 -0.024226405539295892 0.011597464978694917 -0.0054933995380997656
leaf_weight=439 11.999999999999998 10.999999999999998 9.9999999999999982 9.9999999999999982
leaf_count=439 12 11 10 10
internal_value=0 -0.000619936 -5.42033e-05 -0.000313706
internal_weight=0 470 459 449
internal_count=482 470 459 449
is_linear=0
shrinkage=0.1


Tree=38
num_leaves=5
num_cat=0
split_feature=8 7 9 7
split_gain=0.778081 2.80767 0.448354 0.0251235
threshold=0.70536080156810066 0.7918923666019666 3.9759902100637654 0.34896119472991954
decision_type=2 2 2 2
left_child=1 2 3 -1
right_child=-2 -3 -4 -5
leaf_value=-0.0010636145555812013 -0.023229923525026869 0.04058952421388206 -0.021747177988290789 0.00044682127583074824
leaf_weight=228 13.999999999999998 17 9.9999999999999982 213
leaf_count=228 14 17 10 213
internal_value=0 0.000694912 -0.000808876 -0.000334084
internal_weight=0 468 451 441
internal_count=482 468 451 441
is_linear=0
shrinkage=0.1


Tree=39
num_leaves=5
num_cat=0
split_feature=9 7 8 26
split_gain=0.766476 0.706893 0.167424 0.0224293
threshold=3.9759902100637654 0.89941101575694771 0.70536080156810066 30.804781736022402
decision_type=2 2 2 2
left_child=1 2 3 -1
right_child=-2 -3 -4 -5
leaf_value=-0.00081994284158766581 0.024956516673167548 -0.02568892999128862 0.012760710716247559 0.00068104558273909257
leaf_weight=300 11.999999999999998 10.999999999999998 9.9999999999999982 149
leaf_count=300 12 11 10 149
internal_value=0 -0.000637188 -3.68191e-05 -0.000321842
internal_weight=0 470 459 449
internal_count=482 470 459 449
is_linear=0
shrinkage=0.1


Tree=40
num_leaves=8
num_cat=0
split_feature=28 7 7 9 9 7 32
split_gain=0.65362 5.68362 3.39715 0.112465 0.109842 0.0263593 0.013126
threshold=80.426198042673448 0.7918923666019666 0.760615327641749 3.8508390439054376 3.5210372255014959 0.26026933295984173 330.83511710310933
decision_type=2 2 2 2 2 2 2
left_child=1 3 4 5 6 -1 -2
right_child=2 -3 -4 -5 -6 -7 -8
leaf_value=-0.0010489311705326593 0.00031919140858614509 0.06239503197992842 -0.059347054806791921 -0.010430022001012484 -0.011054790162015708 0.00072522642405289679 -0.0034997643623501068
leaf_weight=166 90 14.999999999999998 10.999999999999998 10.999999999999998 9.9999999999999982 169 9.9999999999999982
leaf_count=166 90 15 11 11 10 169 10
internal_value=0 0.00213196 -0.00636063 -0.000480606 -0.00106198 -0.000153908 -6.27042e-05
internal_weight=0 361 121 346 110 335 100
internal_count=482 361 121 346 110 335 100
is_linear=0
shrinkage=0.1


Tree=41
num_leaves=5
num_cat=0
split_feature=9 7 8 11
split_gain=0.646657 0.608374 0.136043 0.0234999
threshold=3.9759902100637654 0.89941101575694771 0.70536080156810066 482.35266010692504
decision_type=2 2 2 2
left_child=1 2 3 -1
right_child=-2 -3 -4 -5
leaf_value=-0.00061695098671245535 0.022923025737206143 -0.023825813965363939 0.011507694274187089 0.0012925577743981894
leaf_weight=371 11.999999999999998 10.999999999999998 9.9999999999999982 78
leaf_count=371 12 11 10 78
internal_value=0 -0.000585269 -2.83058e-05 -0.000285232
internal_weight=0 470 459 449
internal_count=482 470 459 449
is_linear=0
shrinkage=0.1


Tree=42
num_leaves=5
num_cat=0
split_feature=8 7 9 32
split_gain=0.661792 2.11133 0.523695 0.0227431
threshold=0.70536080156810066 0.7918923666019666 3.9759902100637654 393.58116438597239
decision_type=2 2 2 2
left_child=1 2 3 -1
right_child=-2 -3 -4 -5
leaf_value=-4.0636873350796354e-05 -0.021423787916345256 0.035236351178644008 -0.023292421251535418 -0.0048646201379597192
leaf_weight=431 13.999999999999998 17 9.9999999999999982 9.9999999999999982
leaf_count=431 14 17 10 10
internal_value=0 0.000640883 -0.000663159 -0.000150024
internal_weight=0 468 451 441
internal_count=482 468 451 441
is_linear=0
shrinkage=0.1


Tree=43
num_leaves=5
num_cat=0
split_feature=9 7 8 11
split_gain=0.620613 0.588008 0.160372 0.0213261
threshold=3.9759902100637654 0.89941101575694771 0.70536080156810066 482.35266010692504
decision_type=2 2 2 2
left_child=1 2 3 -1
right_child=-2 -3 -4 -5
leaf_value=-0.00062075986528176358 0.022456653788685801 -0.023421589352867821 0.012499303817749025 0.0011982886490818018
leaf_weight=371 11.999999999999998 10.999999999999998 9.9999999999999982 78
leaf_count=371 12 11 10 78
internal_value=0 -0.000573361 -2.58003e-05 -0.000304756
internal_weight=0 470 459 449
internal_count=482 470 459 449
is_linear=0
shrinkage=0.1


Tree=44
num_leaves=8
num_cat=0
split_feature=32 5 20 24 23 25 25
split_gain=0.592692 2.5754 0.614376 0.752728 0.390566 0.299363 0.125288
threshold=301.51534486108403 -0.0068320581110973997 36.635000000000012 29.855799255347566 762.85000000000014 23.168187937384062 24.570394344398149
decision_type=2 2 2 2 2 2 2
left_child=2 -2 4 -4 5 -1 -3
right_child=1 6 3 -5 -6 -7 -8
leaf_value=0.011930566643908 0.050364618802753593 -0.014194915057742034 -0.0034230925835129853 -0.037318523460999134 0.015264106541872026 -0.0012675570838933039 -8.8618383468950493e-05
leaf_weight=18 11.999999999999998 10.000000000000002 19.000000000000004 9.9999999999999982 15.999999999999998 380 17
leaf_count=18 12 10 19 10 16 380 17
internal_value=0 0.0118185 -0.00104045 -0.0151112 -5.48207e-05 -0.000670657 -0.00531317
internal_weight=0 39 443 29 414 398 27
internal_count=482 39 443 29 414 398 27
is_linear=0
shrinkage=0.1


Tree=45
num_leaves=5
num_cat=0
split_feature=8 7 9 7
split_gain=0.624674 1.77081 0.476942 0.0237054
threshold=0.70536080156810066 0.7918923666019666 3.9759902100637654 0.72934324309955445
decision_type=2 2 2 2
left_child=1 2 3 -1
right_child=-2 -3 -4 -5
leaf_value=-0.00024585847247224249 -0.020814313526664463 0.032305704101043588 -0.022167129814624788 0.0031969153671525421
leaf_weight=420 13.999999999999998 17 9.9999999999999982 21
leaf_count=420 14 17 10 21
internal_value=0 0.00062265 -0.000571611 -8.19169e-05
internal_weight=0 468 451 441
internal_count=482 468 451 441
is_linear=0
shrinkage=0.1


Tree=46
num_leaves=7
num_cat=0
split_feature=9 26 7 7 32 7
split_gain=0.595151 0.60808 6.90511 4.63226 0.0230798 0.0180693
threshold=3.9759902100637654 28.660781428749349 0.7918923666019666 0.69372885522194527 371.89178336845197 0.50074423800415269
decision_type=2 2 2 2 2 2
left_child=1 3 4 5 -3 -1
right_child=-2 2 -4 -5 -6 -7
leaf_value=-0.0003406554731227668 0.021991174171368283 0.00094209031205739135 -0.067719855290124545 0.066151389936831867 -0.0037763665853576228 0.003487595297002162
leaf_weight=239 11.999999999999998 180 15.999999999999998 10.999999999999998 10.999999999999998 12.999999999999998
leaf_count=239 12 180 16 11 11 13
internal_value=0 -0.000561477 -0.00461585 0.00262961 0.000670347 -0.000143166
internal_weight=0 470 207 263 191 252
internal_count=482 470 207 263 191 252
is_linear=0
shrinkage=0.1


Tree=47
num_leaves=7
num_cat=0
split_feature=20 22 32 24 8 23
split_gain=0.559495 0.581916 1.02807 1.02679 0.555325 0.42984
threshold=37.360000000000007 154.93500000000003 206.64680427919635 25.943571130180988 0.43440706682721014 701.71000000000015
decision_type=2 2 2 2 2 2
left_child=1 2 4 -3 -1 -5
right_child=-2 3 -4 5 -6 -7
leaf_value=-0.00061180642158328391 0.01838685952825472 -0.032007136434757354 0.024102415566602232 -0.0010661742955265681 0.022249519046057355 -0.021117646520724523
leaf_weight=312 15.999999999999998 13.999999999999998 19 98 10.999999999999998 11.999999999999998
leaf_count=312 16 14 19 98 11 12
internal_value=0 -0.000631308 0.00149651 -0.00649997 0.000166753 -0.00325361
internal_weight=0 466 342 124 323 110
internal_count=482 466 342 124 323 110
is_linear=0
shrinkage=0.1


Tree=48
num_leaves=6
num_cat=0
split_feature=23 7 15 9 8
split_gain=0.637013 3.45215 0.844512 0.383669 0.112744
threshold=791.71500000000015 0.89941101575694771 0.48201977984022165 3.9100236664054235 0.70536080156810066
decision_type=2 2 2 2 2
left_child=1 3 -2 4 -1
right_child=2 -3 -4 -5 -6
leaf_value=-0.00021532694639480565 -0.038021532539278258 0.058975288867950441 -0.00097654085229805789 -0.018878950851715426 0.010526954717934132
leaf_weight=425 10.000000000000002 9.9999999999999982 15.999999999999998 10.999999999999998 9.9999999999999982
leaf_count=425 10 10 16 11 10
internal_value=0 0.00086807 -0.0152246 -0.000434782 3.16221e-05
internal_weight=0 456 26 446 435
internal_count=482 456 26 446 435
is_linear=0
shrinkage=0.1


Tree=49
num_leaves=5
num_cat=0
split_feature=8 7 9 32
split_gain=0.596316 1.61917 0.411208 0.0177085
threshold=0.70536080156810066 0.7918923666019666 3.9759902100637654 393.58116438597239
decision_type=2 2 2 2
left_child=1 2 3 -1
right_child=-2 -3 -4 -5
leaf_value=1.7592456954690192e-05 -0.020336386854095119 0.030904473245198672 -0.02058581367135048 -0.0042390894936397677
leaf_weight=431 13.999999999999998 17 9.9999999999999982 9.9999999999999982
leaf_count=431 14 17 10 10
internal_value=0 0.000608353 -0.000533629 -7.89309e-05
internal_weight=0 468 451 441
internal_count=482 468 451 441
is_linear=0
shrinkage=0.1


Tree=50
num_leaves=6
num_cat=0
split_feature=23 7 21 8 8
split_gain=0.520921 2.63223 0.720962 0.143899 0.0710722
threshold=791.71500000000015 0.89941101575694771 34.410000000000004 0.70536080156810066 0.35552137738255896
decision_type=2 2 2 2 2
left_child=1 3 -2 4 -1
right_child=2 -3 -4 -5 -6
leaf_value=-0.00042907926444242441 -0.034831056642578899 0.051524535417556763 -0.00060294567301752986 0.011507898047566415 -0.0089578857854940002
leaf_weight=426 10.000000000000002 9.9999999999999982 15.999999999999998 9.9999999999999982 9.9999999999999982
leaf_count=426 10 10 16 10 10
internal_value=0 0.000784995 -0.0137676 -0.000352663 -0.000624694
internal_weight=0 456 26 446 436
internal_count=482 456 26 446 436
is_linear=0
shrinkage=0.1


Tree=51
num_leaves=5
num_cat=0
split_feature=9 7 8 1
split_gain=0.626726 0.899347 0.10753 0.0189163
threshold=3.9759902100637654 0.89941101575694771 0.70536080156810066 10.500000000000002
decision_type=2 2 2 2
left_child=1 2 3 -1
right_child=-2 -3 -4 -5
leaf_value=-0.00088524092885659475 0.022566982855399452 -0.028833096135746351 0.01035710819065571 0.00042851331776103981
leaf_weight=190 11.999999999999998 10.999999999999998 9.9999999999999982 259
leaf_count=190 12 11 10 259
internal_value=0 -0.000576178 0.000101003 -0.000127418
internal_weight=0 470 459 449
internal_count=482 470 459 449
is_linear=0
shrinkage=0.1


Tree=52
num_leaves=5
num_cat=0
split_feature=8 7 9 7
split_gain=0.592031 1.27008 0.401788 0.0158384
threshold=0.70536080156810066 0.7918923666019666 3.9759902100637654 0.72934324309955445
decision_type=2 2 2 2
left_child=1 2 3 -1
right_child=-2 -3 -4 -5
leaf_value=-8.9794077468381835e-05 -0.020263179205358028 0.027438332589671894 -0.020226426720619202 0.0027243162139451932
leaf_weight=420 13.999999999999998 17 9.9999999999999982 21
leaf_count=420 14 17 10 21
internal_value=0 0.000606163 -0.000405249 4.42112e-05
internal_weight=0 468 451 441
internal_count=482 468 451 441
is_linear=0
shrinkage=0.1


Tree=53
num_leaves=5
num_cat=0
split_feature=9 7 8 7
split_gain=0.59217 0.810967 0.12972 0.0295928
threshold=3.9759902100637654 0.89941101575694771 0.70536080156810066 0.77420069456358254
decision_type=2 2 2 2
left_child=1 2 3 -1
right_child=-2 -3 -4 -5
leaf_value=-1.1848904139751582e-05 0.021936030127108097 -0.027392670241269197 0.011347715146839618 -0.0043912216759053992
leaf_weight=433 11.999999999999998 10.999999999999998 9.9999999999999982 15.999999999999998
leaf_count=433 12 11 10 16
internal_value=0 -0.000560069 8.29783e-05 -0.000167907
internal_weight=0 470 459 449
internal_count=482 470 459 449
is_linear=0
shrinkage=0.1


Tree=54
num_leaves=7
num_cat=0
split_feature=20 26 7 7 9 7
split_gain=0.53919 0.539364 4.8185 3.7924 0.184581 0.0104834
threshold=37.360000000000007 28.327317200666865 0.7918923666019666 0.69372885522194527 3.8508390439054376 0.50074423800415269
decision_type=2 2 2 2 2 2
left_child=1 3 4 5 -3 -1
right_child=-2 2 -4 -5 -6 -7
leaf_value=-0.00012081096401044096 0.018050132662756371 0.00059602048161527701 -0.058979224885503459 0.062846406772732732 -0.012202205508947373 0.0031854599760845303
leaf_weight=234 15.999999999999998 185 14.999999999999998 9.9999999999999982 11.999999999999998 9.9999999999999982
leaf_count=234 16 185 15 10 12 10
internal_value=0 -0.000619747 -0.00434364 0.00248838 -0.000183567 1.46919e-05
internal_weight=0 466 212 254 197 244
internal_count=482 466 212 254 197 244
is_linear=0
shrinkage=0.1


Tree=55
num_leaves=5
num_cat=0
split_feature=9 7 8 32
split_gain=0.490005 0.558562 0.0823384 0.0178291
threshold=3.9759902100637654 0.89941101575694771 0.70536080156810066 350.94999219870869
decision_type=2 2 2 2
left_child=1 2 3 -1
right_child=-2 -3 -4 -5
leaf_value=-4.6898825902055863e-05 0.019954236720999084 -0.022778266668319704 0.0089988638460636143 -0.0032591749228433604
leaf_weight=431 11.999999999999998 10.999999999999998 9.9999999999999982 18
leaf_count=431 12 11 10 18
internal_value=0 -0.00050947 2.4205e-05 -0.000175676
internal_weight=0 470 459 449
internal_count=482 470 459 449
is_linear=0
shrinkage=0.1


Tree=56
num_leaves=5
num_cat=0
split_feature=8 7 9 32
split_gain=0.501336 1.51465 0.460974 0.0154356
threshold=0.70536080156810066 0.7918923666019666 3.9759902100637654 350.94999219870869
decision_type=2 2 2 2
left_child=1 2 3 -1
right_child=-2 -3 -4 -5
leaf_value=5.6765047023782887e-05 -0.01864660129483257 0.029859751419109459 -0.021777636855840683 -0.0029332574418125053
leaf_weight=423 13.999999999999998 17 9.9999999999999982 18
leaf_count=423 14 17 10 18
internal_value=0 0.000557804 -0.000546704 -6.52767e-05
internal_weight=0 468 451 441
internal_count=482 468 451 441
is_linear=0
shrinkage=0.1


Tree=57
num_leaves=8
num_cat=0
split_feature=9 26 25 8 25 9 13
split_gain=0.476637 0.421873 1.07858 0.903947 1.74554 0.5333 0.271201
threshold=3.9759902100637654 28.327317200666865 24.079218888378232 0.11433225903040196 25.848693162060748 2.1446268376725492 25
decision_type=2 2 2 2 2 2 2
left_child=1 2 -1 6 -5 -4 -3
right_child=-2 3 5 4 -6 -7 -8
leaf_value=0.029240921600389165 0.019680171211560571 9.023695085445673e-05 -0.00034666283699982765 -0.049415594498471667 -0.0011725964210927487 0.022194552180272612 -0.013940015269618017
leaf_weight=13.999999999999998 11.999999999999998 169 229 11.999999999999998 20 10.999999999999998 14.999999999999998
leaf_count=14 12 169 229 12 20 11 15
internal_value=0 -0.000502472 0.00226034 -0.00375134 -0.0192637 0.000686476 -0.00105353
internal_weight=0 470 254 216 32 240 184
internal_count=482 470 254 216 32 240 184
is_linear=0
shrinkage=0.1


Tree=58
num_leaves=7
num_cat=0
split_feature=20 22 7 7 9 29
split_gain=0.458363 0.421129 2.8053 2.34675 0.154529 0.0106567
threshold=37.360000000000007 154.93500000000003 0.7918923666019666 0.69372885522194527 3.8508390439054376 28.262949582575416
decision_type=2 2 2 2 2 2
left_child=1 3 4 5 -3 -1
right_child=-2 2 -4 -5 -6 -7
leaf_value=-0.0032594619937960736 0.016642340019461698 0.00098730373138096179 -0.047724942736593744 0.048968552304431798 -0.012050424441695214 -9.4036798133780291e-05
leaf_weight=10.999999999999998 15.999999999999998 100 13.999999999999998 9.9999999999999982 9.9999999999999982 321
leaf_count=11 16 100 14 10 10 321
internal_value=0 -0.000571411 -0.0055639 0.00123873 -0.000197944 -0.000198915
internal_weight=0 466 124 342 110 332
internal_count=482 466 124 342 110 332
is_linear=0
shrinkage=0.1


Tree=59
num_leaves=5
num_cat=0
split_feature=7 9 9 26
split_gain=0.476475 0.510662 0.0351127 0.0217552
threshold=0.89941101575694771 3.9759902100637654 3.624340758660316 30.804781736022402
decision_type=2 2 2 2
left_child=1 2 3 -1
right_child=-2 -3 -4 -5
leaf_value=-0.00061122266991936501 0.019676807026068371 -0.021794952316717669 0.0055896193551068958 0.0008781892181311912
leaf_weight=303 11.999999999999998 10.999999999999998 10.999999999999998 145
leaf_count=303 12 11 11 145
internal_value=0 -0.000502387 7.89277e-06 -0.000129159
internal_weight=0 470 459 448
internal_count=482 470 459 448
is_linear=0
shrinkage=0.1


Tree=60
num_leaves=6
num_cat=0
split_feature=23 20 15 23 15
split_gain=0.478691 1.56129 0.650746 0.429653 0.306699
threshold=791.71500000000015 37.050000000000004 0.48201977984022165 741.4000000000002 0.52831359046876469
decision_type=2 2 2 2 2
left_child=1 3 -2 4 -1
right_child=2 -3 -4 -5 -6
leaf_value=2.441041196972345e-05 -0.033209235109388821 0.039829955319873989 -0.00069057882992638051 0.019394529475407166 -0.011605434655393765
leaf_weight=411 10.000000000000002 9.9999999999999982 15.999999999999998 10.999999999999998 24
leaf_count=411 10 10 16 11 24
internal_value=0 0.000752504 -0.0131978 -0.000123672 -0.000617236
internal_weight=0 456 26 446 435
internal_count=482 456 26 446 435
is_linear=0
shrinkage=0.1


Tree=61
num_leaves=6
num_cat=0
split_feature=21 20 26 7 7
split_gain=0.524021 1.83511 0.35039 3.49838 2.74967
threshold=27.810000000000006 36.985000000000007 28.327317200666865 0.7918923666019666 0.69372885522194527
decision_type=2 2 2 2 2
left_child=-1 2 4 -4 -2
right_child=1 -3 3 -5 -6
leaf_value=-0.022652795589528981 -5.1643117387625424e-05 0.042861944430915178 0.0001348113199232093 -0.050000186090668045 0.053449360067024831
leaf_weight=9.9999999999999982 244 9.9999999999999982 193 14.999999999999998 9.9999999999999982
leaf_count=10 244 10 193 15 10
internal_value=0 0.000479932 -0.000437428 -0.00348069 0.0020547
internal_weight=0 472 462 208 254
internal_count=482 472 462 208 254
is_linear=0
shrinkage=0.1


Tree=62
num_leaves=9
num_cat=0
split_feature=28 8 8 5 13 24 24 9
split_gain=0.454235 2.00455 0.79804 0.836442 0.423952 0.394017 0.314659 0.0873824
threshold=69.678610114880271 0.21744659695476928 0.19723439189789879 -0.0056455839818649487 25 23.775064520690226 36.000680029460185 2.9497351783773618
decision_type=2 2 2 2 2 2 2 2
left_child=1 4 5 -4 7 -2 -7 -1
right_child=2 -3 3 -5 -6 6 -8 -9
leaf_value=-0.00014114174342797595 0.017114643002225257 0.033953107530741315 -0.037922724615782492 -0.0020502548593168079 0.019536102630875327 -0.0013163732502731614 -0.019625529288314285 -0.0096801800941466367
leaf_weight=242 10.999999999999998 19 13.000000000000002 12.999999999999998 10.999999999999998 153 9.9999999999999982 9.9999999999999982
leaf_count=242 11 19 13 13 11 153 10 10
internal_value=0 0.00258528 -0.00364524 -0.0199865 0.00031916 -0.00120344 -0.00243963 -0.000519675
internal_weight=0 282 200 26 263 174 163 252
internal_count=482 282 200 26 263 174 163 252
is_linear=0
shrinkage=0.1


Tree=63
num_leaves=6
num_cat=0
split_feature=9 20 6 32 32
split_gain=0.460852 0.306966 0.413712 0.255659 0.301725
threshold=3.9759902100637654 36.635000000000012 58.014071669522274 393.58116438597239 345.08959644218476
decision_type=2 2 2 2 2
left_child=1 3 -3 4 -1
right_child=-2 2 -4 -5 -6
leaf_value=0.00022271175295394469 0.01935154882570108 -0.0017948909276655238 -0.02692365345086728 0.015968283093534413 -0.016554622673852878
leaf_weight=420 11.999999999999998 19.000000000000004 9.9999999999999982 9.9999999999999982 10.999999999999998
leaf_count=420 12 19 10 10 11
internal_value=0 -0.000494082 -0.01046 0.000161272 -0.00020548
internal_weight=0 470 29 441 431
internal_count=482 470 29 441 431
is_linear=0
shrinkage=0.1


Tree=64
num_leaves=5
num_cat=0
split_feature=7 9 8 9
split_gain=0.519927 0.467318 0.0729437 0.025388
threshold=0.89941101575694771 3.9759902100637654 0.70536080156810066 3.5540213896973354
decision_type=2 2 2 2
left_child=1 2 3 -1
right_child=-2 -3 -4 -5
leaf_value=-0.00034394922133254547 0.020554451644420626 -0.02089368985457854 0.008410510499961674 0.0045201643285426229
leaf_weight=438 11.999999999999998 10.999999999999998 9.9999999999999982 10.999999999999998
leaf_count=438 12 11 10 11
internal_value=0 -0.000524795 -3.66511e-05 -0.000224784
internal_weight=0 470 459 449
internal_count=482 470 459 449
is_linear=0
shrinkage=0.1


Tree=65
num_leaves=5
num_cat=0
split_feature=9 7 8 26
split_gain=0.451791 0.408184 0.0590844 0.0228759
threshold=3.9759902100637654 0.89941101575694771 0.70536080156810066 30.804781736022402
decision_type=2 2 2 2
left_child=1 2 3 -1
right_child=-2 -3 -4 -5
leaf_value=-0.00070534065850370105 0.019160361836353938 -0.019525797800584277 0.0075694592297077179 0.00081051706540360795
leaf_weight=300 11.999999999999998 10.999999999999998 9.9999999999999982 149
leaf_count=300 12 11 10 149
internal_value=0 -0.000489201 -3.2986e-05 -0.000202305
internal_weight=0 470 459 449
internal_count=482 470 459 449
is_linear=0
shrinkage=0.1


Tree=66
num_leaves=5
num_cat=0
split_feature=7 9 8 32
split_gain=0.498636 0.459893 0.0478584 0.021825
threshold=0.89941101575694771 3.9759902100637654 0.70536080156810066 393.58116438597239
decision_type=2 2 2 2
left_child=1 2 3 -1
right_child=-2 -3 -4 -5
leaf_value=-7.6849238655929284e-05 0.020129202802975976 -0.020720356973734769 0.0068125134706497198 -0.0048014827352017165
leaf_weight=439 11.999999999999998 10.999999999999998 9.9999999999999982 9.9999999999999982
leaf_count=439 12 11 10 10
internal_value=0 -0.000513937 -2.96874e-05 -0.000182075
internal_weight=0 470 459 449
internal_count=482 470 459 449
is_linear=0
shrinkage=0.1


Tree=67
num_leaves=5
num_cat=0
split_feature=9 7 8 9
split_gain=0.443136 0.410979 0.0387653 0.0198912
threshold=3.9759902100637654 0.89941101575694771 0.70536080156810066 3.5540213896973354
decision_type=2 2 2 2
left_child=1 2 3 -1
right_child=-2 -3 -4 -5
leaf_value=-0.0002693466369162532 0.018975945003330708 -0.019586133956909182 0.0061312621459364896 0.0040361227382990448
leaf_weight=438 11.999999999999998 10.999999999999998 9.9999999999999982 10.999999999999998
leaf_count=438 12 11 10 11
internal_value=0 -0.000484492 -2.67186e-05 -0.000163867
internal_weight=0 470 459 449
internal_count=482 470 459 449
is_linear=0
shrinkage=0.1


Tree=68
num_leaves=5
num_cat=0
split_feature=7 9 8 26
split_gain=0.480198 0.45242 0.0313999 0.0184931
threshold=0.89941101575694771 3.9759902100637654 0.70536080156810066 30.804781736022402
decision_type=2 2 2 2
left_child=1 2 3 -1
right_child=-2 -3 -4 -5
leaf_value=-0.00059976784606988079 0.019753545025984448 -0.020545915581963281 0.0055181358847767115 0.00076316459456594638
leaf_weight=300 11.999999999999998 10.999999999999998 9.9999999999999982 149
leaf_count=300 12 11 10 149
internal_value=0 -0.000504346 -2.40468e-05 -0.000147481
internal_weight=0 470 459 449
internal_count=482 470 459 449
is_linear=0
shrinkage=0.1


Tree=69
num_leaves=5
num_cat=0
split_feature=9 7 8 32
split_gain=0.434823 0.411896 0.0254339 0.0180169
threshold=3.9759902100637654 0.89941101575694771 0.70536080156810066 393.58116438597239
decision_type=2 2 2 2
left_child=1 2 3 -1
right_child=-2 -3 -4 -5
leaf_value=-3.7126794685095191e-05 0.018797115422785282 -0.019602879610928624 0.0049663222907111049 -0.0043298283033072951
leaf_weight=439 11.999999999999998 10.999999999999998 9.9999999999999982 9.9999999999999982
leaf_count=439 12 11 10 10
internal_value=0 -0.000479926 -2.16421e-05 -0.000132733
internal_weight=0 470 459 449
internal_count=482 470 459 449
is_linear=0
shrinkage=0.1


Tree=70
num_leaves=6
num_cat=0
split_feature=7 9 27 7 28
split_gain=0.464046 0.444941 0.0206341 0.0378999 0.0143685
threshold=0.89941101575694771 3.9759902100637654 32.061634661090075 0.69372885522194527 63.882714313540951
decision_type=2 2 2 2 2
left_child=1 2 4 -4 -1
right_child=-2 -3 3 -5 -6
leaf_value=0.0010501415776421449 0.01941847751537959 -0.020371035554192285 3.7154230679390117e-05 -0.003709280635390816 0.0054660364799201493
leaf_weight=28 11.999999999999998 10.999999999999998 392 29 9.9999999999999982
leaf_count=28 12 11 392 29 10
internal_value=0 -0.000495791 -1.94779e-05 -0.000220914 0.00221222
internal_weight=0 470 459 421 38
internal_count=482 470 459 421 38
is_linear=0
shrinkage=0.1


Tree=71
num_leaves=5
num_cat=0
split_feature=9 7 8 9
split_gain=0.426802 0.411294 0.020553 0.0161024
threshold=3.9759902100637654 0.89941101575694771 0.70536080156810066 3.5540213896973354
decision_type=2 2 2 2
left_child=1 2 3 -1
right_child=-2 -3 -4 -5
leaf_value=-0.00021229710425222325 0.018622927802304425 -0.019584437391974713 0.0044663548149401324 0.0036614790558815004
leaf_weight=438 11.999999999999998 10.999999999999998 9.9999999999999982 10.999999999999998
leaf_count=438 12 11 10 11
internal_value=0 -0.000475479 -1.75301e-05 -0.000117394
internal_weight=0 470 459 449
internal_count=482 470 459 449
is_linear=0
shrinkage=0.1


Tree=72
num_leaves=6
num_cat=0
split_feature=7 21 22 32 27
split_gain=0.449734 0.064519 0.0604992 0.0277254 0.0226586
threshold=0.89941101575694771 31.345000000000002 143.68500000000003 393.58116438597239 31.433549273105161
decision_type=2 2 2 2 2
left_child=1 2 -1 4 -3
right_child=-2 3 -4 -5 -6
leaf_value=-0.0015162654497544279 0.019116680324077609 0.0024399112363233037 -0.011431467751972377 -0.0051624297143214133 -0.00028638894356390669
leaf_weight=16.000000000000004 11.999999999999998 33 9.9999999999999982 10.999999999999998 400
leaf_count=16 12 33 10 11 400
internal_value=0 -0.000488085 -0.0053298 -0.000204561 -7.86109e-05
internal_weight=0 470 26 444 433
internal_count=482 470 26 444 433
is_linear=0
shrinkage=0.1


Tree=73
num_leaves=5
num_cat=0
split_feature=8 7 9 9
split_gain=0.433124 1.26147 0.379873 0.0148147
threshold=0.70536080156810066 0.7918923666019666 3.9759902100637654 3.5540213896973354
decision_type=2 2 2 2
left_child=1 2 3 -1
right_child=-2 -3 -4 -5
leaf_value=-0.00014518041359890557 -0.017331721101488388 0.027259554182562758 -0.019762539118528367 0.003571330654350194
leaf_weight=430 13.999999999999998 17 9.9999999999999982 10.999999999999998
leaf_count=430 14 17 10 11
internal_value=0 0.00051847 -0.000489508 -5.24783e-05
internal_weight=0 468 451 441
internal_count=482 468 451 441
is_linear=0
shrinkage=0.1


Tree=74
num_leaves=5
num_cat=0
split_feature=9 7 8 26
split_gain=0.426868 0.476683 0.033007 0.0151167
threshold=3.9759902100637654 0.89941101575694771 0.70536080156810066 30.804781736022402
decision_type=2 2 2 2
left_child=1 2 3 -1
right_child=-2 -3 -4 -5
leaf_value=-0.00051797783243819138 0.018624363032480083 -0.021047492460771044 0.0056997411884367466 0.00071426846990174306
leaf_weight=300 11.999999999999998 10.999999999999998 9.9999999999999982 149
leaf_count=300 12 11 10 149
internal_value=0 -0.000475516 1.74947e-05 -0.000109059
internal_weight=0 470 459 449
internal_count=482 470 459 449
is_linear=0
shrinkage=0.1


Tree=75
num_leaves=8
num_cat=0
split_feature=32 27 30 20 7 13 7
split_gain=0.392847 1.53663 0.468649 0.440768 0.456558 0.192726 0.283201
threshold=301.51534486108403 40.988633723129844 18.723503637712657 36.635000000000012 0.52703752069245857 25 0.7918923666019666
decision_type=2 2 2 2 2 2 2
left_child=3 -2 -3 5 -5 6 -1
right_child=1 2 -4 4 -6 -7 -8
leaf_value=1.8009969375570923e-05 0.043424544492736465 0.0071882128923837279 -0.019556991499848665 -0.0036623553511545693 -0.030060295164585117 0.011115610081081591 -0.016253262622789904
leaf_weight=388 9.9999999999999982 19.000000000000004 9.9999999999999982 19.000000000000004 9.9999999999999982 14.999999999999998 10.999999999999998
leaf_count=388 10 19 10 19 10 15 11
internal_value=0 0.00962184 -0.00203427 -0.000847069 -0.0127651 -1.22316e-05 -0.000430571
internal_weight=0 39 29 443 29 414 399
internal_count=482 39 29 443 29 414 399
is_linear=0
shrinkage=0.1


Tree=76
num_leaves=5
num_cat=0
split_feature=7 9 8 32
split_gain=0.414734 0.390519 0.0259859 0.0225082
threshold=0.89941101575694771 3.9759902100637654 0.70536080156810066 350.94999219870869
decision_type=2 2 2 2
left_child=1 2 3 -1
right_child=-2 -3 -4 -5
leaf_value=9.9273476089386545e-06 0.018357761204242706 -0.019088818403807554 0.0050193262193351986 -0.0035993367407677907
leaf_weight=431 11.999999999999998 10.999999999999998 9.9999999999999982 18
leaf_count=431 12 11 10 18
internal_value=0 -0.000468709 -2.24752e-05 -0.000134765
internal_weight=0 470 459 449
internal_count=482 470 459 449
is_linear=0
shrinkage=0.1


Tree=77
num_leaves=7
num_cat=0
split_feature=20 26 7 7 5 15
split_gain=0.391445 0.355512 2.83457 2.15329 0.0337424 0.0105674
threshold=37.360000000000007 28.327317200666865 0.7918923666019666 0.69372885522194527 0.0066324778308199514 0.50937815095447747
decision_type=2 2 2 2 2 2
left_child=1 3 4 5 -3 -1
right_child=-2 2 -4 -5 -6 -7
leaf_value=0.00033853871029498043 0.015379600855521858 -4.2387181837443438e-05 -0.045456072961290679 0.047476255595684053 -0.0057423014849932357 -0.001959151198918169
leaf_weight=222 15.999999999999998 186 14.999999999999998 9.9999999999999982 10.999999999999998 22
leaf_count=222 16 186 15 10 11 22
internal_value=0 -0.000528055 -0.00355137 0.00199534 -0.000360657 0.00013137
internal_weight=0 466 212 254 197 244
internal_count=482 466 212 254 197 244
is_linear=0
shrinkage=0.1


Tree=78
num_leaves=5
num_cat=0
split_feature=9 7 32 22
split_gain=0.407489 0.340287 0.0257095 0.023509
threshold=3.9759902100637654 0.89941101575694771 350.94999219870869 156.78000000000003
decision_type=2 2 2 2
left_child=1 2 3 -1
right_child=-2 -3 -4 -5
leaf_value=-0.00027942724953139978 0.01819670870900154 -0.017845960909670052 -0.0037525005396067479 0.0014965462350090477
leaf_weight=346 11.999999999999998 10.999999999999998 18 95
leaf_count=346 12 11 18 95
internal_value=0 -0.000464597 -4.805e-05 0.000103152
internal_weight=0 470 459 441
internal_count=482 470 459 441
is_linear=0
shrinkage=0.1


Tree=79
num_leaves=6
num_cat=0
split_feature=7 9 32 26 22
split_gain=0.454352 0.392459 0.0210538 0.0753708 0.0241129
threshold=0.89941101575694771 3.9759902100637654 330.83511710310933 32.963842290428524 156.78000000000003
decision_type=2 2 2 2 2
left_child=1 2 4 -4 -1
right_child=-2 -3 3 -5 -6
leaf_value=-0.00025148451718792536 0.019214595357577007 -0.019156881760467183 -0.009617539700120685 0.0014494171395199374 0.0016109071271868702
leaf_weight=346 11.999999999999998 10.999999999999998 10.000000000000002 15.999999999999998 87
leaf_count=346 12 11 10 16 87
internal_value=0 -0.000490585 -4.3245e-05 -0.0028071 0.000122714
internal_weight=0 470 459 26 433
internal_count=482 470 459 26 433
is_linear=0
shrinkage=0.1


end of trees

feature_importances:
Equipment_Electric_Power_(kWh)=223
Cooling_Load_(kWh)=58
DHW_Heating_(kWh)=55
24h_Diffuse_Solar_Radiation_(W/m2)=24
24h_Outdoor_Drybulb_Temperature_(C)=14
Outdoor_Drybulb_Temperature_(C)=10
Diffuse_Solar_Radiation_(W/m2)=7
Average_Unmet_Cooling_Setpoint_Difference_(C)=6
Direct_Solar_Radiation_(W/m2)=6
6h_Outdoor_Relative_Humidity_(%)=6
kg_CO2/kWh=5
6h_Outdoor_Drybulb_Temperature_(C)=4
12h_Outdoor_Drybulb_Temperature_(C)=4
Indoor_Temperature_(C)=3
Temperature_Set_Point_(C)=3
Outdoor_Relative_Humidity_(%)=3
12h_Outdoor_Relative_Humidity_(%)=3
Solar_Generation_(W/kW)=2
Hour=1
Indoor_Relative_Humidity_(%)=1
24h_Outdoor_Relative_Humidity_(%)=1
6h_Diffuse_Solar_Radiation_(W/m2)=1
24h_Direct_Solar_Radiation_(W/m2)=1

parameters:
[boosting: gbdt]
[objective: regression]
[metric: l2]
[tree_learner: serial]
[device_type: cpu]
[data: ]
[valid: ]
[num_iterations: 80]
[learning_rate: 0.1]
[num_leaves: 16]
[num_threads: 1]
[deterministic: 0]
[force_col_wise: 0]
[force_row_wise: 0]
[histogram_pool_size: -1]
[max_depth: 4]
[min_data_in_leaf: 10]
[min_sum_hessian_in_leaf: 0.001]
[bagging_fraction: 0.9]
[pos_bagging_fraction: 1]
[neg_bagging_fraction: 1]
[bagging_freq: 0]
[bagging_seed: 3]
[feature_fraction: 0.9]
[feature_fraction_bynode: 1]
[feature_fraction_seed: 2]
[extra_trees: 0]
[extra_seed: 6]
[early_stopping_round: 0]
[first_metric_only: 0]
[max_delta_step: 0]
[lambda_l1: 0]
[lambda_l2: 0]
[linear_lambda: 0]
[min_gain_to_split: 0]
[drop_rate: 0.1]
[max_drop: 50]
[skip_drop: 0.5]
[xgboost_dart_mode: 0]
[uniform_drop: 0]
[drop_seed: 4]
[top_rate: 0.2]
[other_rate: 0.1]
[min_data_per_group: 100]
[max_cat_threshold: 32]
[cat_l2: 10]
[cat_smooth: 10]
[max_cat_to_onehot: 4]
[top_k: 20]
[monotone_constraints: ]
[monotone_constraints_method: basic]
[monotone_penalty: 0]
[feature_contri: ]
[forcedsplits_filename: ]
[refit_decay_rate: 0.9]
[cegb_tradeoff: 1]
[cegb_penalty_split: 0]
[cegb_penalty_feature_lazy: ]
[cegb_penalty_feature_coupled: ]
[path_smooth: 0]
[interaction_constraints: ]
[verbosity: -1]
[saved_feature_importance_type: 0]
[linear_tree: 0]
[max_bin: 255]
[max_bin_by_feature: ]
[min_data_in_bin: 3]
[bin_construct_sample_cnt: 200000]
[data_random_seed: 1]
[is_enable_sparse: 1]
[enable_bundle: 1]
[use_missing: 1]
[zero_as_missing: 0]
[feature_pre_filter: 1]
[pre_partition: 0]
[two_round: 0]
[header: 0]
[label_column: ]
[weight_column: ]
[group_column: ]
[ignore_column: ]
[categorical_feature: ]
[forcedbins_filename: ]
[precise_float_parser: 0]
[parser_config_file: ]
[objective_seed: 5]
[num_class: 1]
[is_unbalance: 0]
[scale_pos_weight: 1]
[sigmoid: 1]
[boost_from_average: 1]
[reg_sqrt: 0]
[alpha: 0.9]
[fair_c: 1]
[poisson_max_delta_step: 0.7]
[tweedie_variance_power: 1.5]
[lambdarank_truncation_level: 30]
[lambdarank_norm: 1]
[label_gain: ]
[lambdarank_position_bias_regularization: 0]
[eval_at: ]
[multi_error_top_k: 1]
[auc_mu_weights: ]
[num_machines: 1]
[local_listen_port: 12400]
[time_out: 120]
[machine_list_filename: ]
[machines: ]
[gpu_platform_id: -1]
[gpu_device_id: -1]
[gpu_use_dp: 0]
[num_gpu: 1]

end of parameters

pandas_categorical:[]
